879.8,505.3,1144267915,1
874.5,480.9,1144267939,1
775.7,279.0,1144267967,1
812.0,365.8,1144267984,1
916.8,625.6,1144267996,1
893.1,581.6,1144268013,1
768.3,400.5,1144268031,1
773.8,413.5,1144268059,1
786.8,439.1,1144268078,1
828.7,524.2,1144268106,1
810.6,496.3,1144268121,1
720.8,364.6,1144268147,1
743.6,368.9,1144268165,1
958.9,457.1,1144268212,1
784.5,394.3,1144268233,1
806.7,328.9,1144268250,1
789.2,308.8,1144268279,1
788.6,302.1,1144268293,1
746.9,248.2,1144268324,1
728.1,189.5,1144268368,1
738.6,176.8,1144268384,1
749.0,151.3,1144268413,1
745.2,150.7,1144268429,1
742.8,160.8,1144268458,1
743.7,164.1,1144268473,1
745.9,174.5,1144268504,1
755.6,116.9,1144268519,1
715.2,141.2,1144268537,1
672.9,101.6,1144268549,1
678.3,101.3,1144268563,1
701.4, 92.9,1144268578,1
736.1,112.9,1144268595,1
765.5,132.7,1144268612,1
950.7,261.2,1144268623,1
1050.1,312.9,1144268663,1
1018.3,324.4,1144268677,1
1031.0,377.4,1144268691,1
983.7,404.6,1144268708,1
1016.7,404.7,1144268720,1
944.0,428.8,1144268736,1
883.1,450.6,1144268752,1
923.3,466.1,1144268770,1
896.1,465.8,1144268782,1
863.3,456.3,1144268810,1
881.8,470.4,1144268825,1
869.4,456.7,1144268841,1
879.1,497.4,1144268869,1
862.1,454.5,1144268887,1
907.3,525.6,1144268930,1
934.5,525.9,1144268960,1
935.6,528.7,1144268978,1
935.0,534.7,1144269005,1
934.6,537.5,1144269022,1
928.1,567.6,1144269050,1
1003.9,552.8,1144269067,1
1096.5,533.6,1144269113,1
1096.1,533.7,1144269143,1
1098.4,528.6,1144269156,1
1113.9,515.7,1144269183,1
1110.5,521.1,1144269204,1
1052.9,550.7,1144269215,1
1063.2,571.7,1144269231,1
1062.4,575.8,1144269275,1
1061.5,572.5,1144269291,1
1056.1,574.1,1144269321,1
1057.8,574.5,1144269334,1
1060.8,566.6,1144269365,1
1052.6,568.3,1144269381,1
1048.2,556.5,1144269410,1
1090.6,542.3,1144269425,1
1070.3,543.7,1144269437,1
1038.8,530.1,1144269454,1
980.1,571.0,1144269470,1
1016.0,542.8,1144269515,1
877.3,326.0,1144269829,1
987.9,405.7,1144269863,1
968.3,433.0,1144269888,1
956.6,412.5,1144269905,1
934.7,424.7,1144269933,1
910.4,415.4,1144269949,1
935.4,419.9,1144269965,1
933.4,416.5,1144269980,1
940.7,364.7,1144270012,1
934.5,334.1,1144270023,1
935.1,328.5,1144270038,1
936.8,333.6,1144270055,1
941.6,340.1,1144270067,1
964.4,345.6,1144270084,1
961.5,350.4,1144270101,1
961.3,341.5,1144270113,1
936.6,345.1,1144270130,1
922.6,351.5,1144270161,1
910.6,304.3,1144270175,1
839.4,264.3,1144270193,1
844.5,277.5,1144270209,1
830.6,278.0,1144270221,1
687.2,106.1,1144270237,1
689.4,110.9,1144270251,1
716.7,134.9,1144270265,1
674.0, 59.6,1144270277,1
860.9, 88.8,1144270306,1
928.6,119.4,1144270319,1
937.0,245.3,1144270336,1
980.8,290.3,1144270351,1
1053.4,358.3,1144270372,1
993.7,420.3,1144270385,1
998.6,432.6,1144270400,1
1009.5,426.4,1144270417,1
956.7,460.4,1144270433,1
989.7,445.2,1144270462,1
1032.8,425.8,1144270491,1
1033.2,414.7,1144270509,1
1022.0,409.0,1144270536,1
1005.1,418.8,1144270552,1
1007.9,410.6,1144270562,1
984.0,409.5,1144270577,1
948.8,415.5,1144270621,1
948.5,416.7,1144270637,1
908.3,415.5,1144270667,1
916.0,408.0,1144270683,1
926.6,404.2,1144270694,1
935.3,405.6,1144270711,1
1004.3,418.0,1144270727,1
1027.4,412.5,1144270757,1
1007.6,452.2,1144270772,1
1028.5,440.4,1144270802,1
1017.8,438.1,1144270824,1
993.3,429.6,1144270837,1
978.0,439.7,1144270852,1
988.5,434.1,1144270868,1
983.8,426.5,1144270913,1
942.4,424.9,1144270925,1
968.8,380.1,1144270945,1
968.2,335.1,1144270957,1
913.6,344.9,1144270969,1
928.0,356.7,1144270986,1
937.1,357.9,1144271003,1
980.9,345.4,1144271015,1
985.9,353.4,1144271031,1
976.8,367.9,1144271061,1
974.5,368.5,1144271077,1
978.0,394.1,1144271092,1
943.4,413.8,1144271105,1
940.2,423.9,1144271121,1
951.8,416.4,1144271138,1
960.6,410.4,1144271150,1
983.7,402.0,1144271168,1
906.7,402.0,1144271249,1
938.6,386.5,1144271262,1
919.1,386.0,1144271274,1
927.1,397.7,1144271301,1
952.6,375.2,1144271308,1
918.4,370.4,1144271320,1
902.0,372.8,1144271353,1
900.0,404.8,1144271397,1
947.8,412.1,1144271427,1
963.4,409.3,1144271442,1
985.1,416.2,1144271470,1
1059.2,431.2,1144271505,1
1008.4,435.9,1144271521,1
1047.1,430.7,1144271539,1
994.1,432.8,1144271552,1
948.5,434.7,1144271570,1
978.7,447.0,1144271586,1
1006.0,463.2,1144271613,1
1020.6,472.9,1144271629,1
974.6,465.1,1144271660,1
886.5,475.3,1144271675,1
990.5,540.4,1144271721,1
916.7,798.9,1144271973,1
892.2,510.8,1144271989,1
900.3,517.5,1144272003,1
954.2,501.4,1144272021,1
1011.4,491.5,1144272036,1
972.4,472.0,1144272050,1
987.6,479.5,1144272065,1
971.9,477.5,1144272113,1
904.6,415.6,1144272138,1
889.9,433.6,1144272156,1
917.0,458.5,1144272182,1
908.6,462.3,1144272229,1
921.5,495.3,1144272275,1
926.8,506.2,1144272291,1
724.7,264.2,1144272318,1
772.9,328.4,1144272338,1
744.0,293.1,1144272362,1
779.8,312.9,1144272379,1
827.4,363.0,1144272409,1
809.7,388.7,1144272425,1
806.5,373.8,1144272453,1
809.6,357.4,1144272470,1
797.3,329.3,1144272497,1
792.6,331.6,1144272516,1
798.0,332.0,1144272562,1
877.1,447.5,1144272589,1
872.6,432.6,1144272606,1
770.3,275.5,1144272634,1
763.8,277.7,1144272651,1
755.6,269.3,1144272683,1
636.8,153.5,1144272723,1
584.7,100.3,1144272741,1
742.9,316.1,1144272755,1
836.6,445.0,1144272770,1
833.3,438.6,1144272789,1
861.7,465.4,1144272803,1
839.6,432.1,1144272813,1
827.8,415.6,1144272827,1
762.7,326.9,1144272856,1
760.1,301.9,1144272872,1
779.8,325.0,1144272887,1
827.2,379.0,1144272901,1
817.2,353.7,1144272916,1
824.8,351.9,1144272932,1
837.7,364.5,1144272945,1
809.9,333.9,1144272962,1
810.3,333.3,1144272981,1
779.5,307.6,1144273012,1
797.1,323.1,1144273028,1
767.2,296.0,1144273040,1
761.3,287.5,1144273057,1
741.4,273.8,1144273073,1
752.4,318.2,1144273086,1
825.4,400.8,1144273101,1
820.9,396.9,1144273117,1
765.6,315.7,1144273131,1
755.4,300.1,1144273165,1
696.9,274.2,1144273178,1
697.7,260.6,1144273192,1
703.4,256.4,1144273208,1
708.0,253.1,1144273226,1
711.2,253.2,1144273236,1
724.0,255.9,1144273248,1
713.1,257.1,1144273259,1
746.7,268.5,1144273276,1
779.2,296.2,1144273305,1
793.6,296.9,1144273322,1
777.9,301.1,1144273341,1
755.0,306.7,1144273357,1
744.4,310.3,1144273371,1
735.8,303.9,1144273388,1
728.8,307.4,1144273400,1
718.5,309.0,1144273417,1
704.2,301.7,1144273433,1
681.5,281.2,1144273461,1
638.2,276.1,1144273477,1
649.6,275.4,1144273492,1
624.3,251.9,1144273504,1
621.2,272.6,1144273523,1
616.1,255.9,1144273536,1
616.7,244.6,1144273551,1
617.6,223.5,1144273567,1
612.1,222.5,1144273583,1
610.9,207.4,1144273613,1
605.8,199.5,1144273627,1
595.0,198.7,1144273643,1
597.0,204.8,1144273658,1
595.4,202.1,1144273672,1
351.9, -6.4,1144273685,1
394.8, 24.1,1144273703,1
621.5,206.7,1144273717,1
672.5,246.5,1144273762,1
910.7,436.3,1144273793,1
911.0,436.5,1144273809,1
909.9,437.4,1144273891,1
920.5,438.1,1144273917,1
916.3,436.9,1144273932,1
918.2,431.4,1144273961,1
920.5,429.4,1144273991,1
929.1,423.2,1144274006,1
927.9,422.7,1144274021,1
934.5,411.1,1144274052,1
956.7,390.6,1144274097,1
950.8,393.3,1144274112,1
573.1, 52.5,1144274125,1
602.5,-52.1,1144274139,1
642.1,-93.0,1144274156,1
634.8,-104.2,1144274171,1
639.9,-102.3,1144274201,1
579.4,-95.8,1144274215,1
578.9,-34.2,1144274235,1
604.4,-22.1,1144274250,1
610.9, -0.3,1144274266,1
602.0, -2.1,1144274282,1
641.4, 33.7,1144274296,1
706.0, 97.9,1144274313,1
877.0,252.9,1144274327,1
815.9,217.8,1144274358,1
827.7,293.2,1144274374,1
554.6, 64.0,1144274389,1
670.4,177.0,1144274403,1
744.4,259.3,1144274420,1
619.5,114.0,1144274432,1
606.1,110.0,1144274446,1
611.9,147.4,1144274462,1
747.9,315.1,1144274477,1
770.2,352.2,1144274507,1
706.2,284.3,1144274522,1
848.7,506.2,1144274552,1
891.3,561.5,1144274567,1
856.3,551.9,1144274580,1
868.8,557.9,1144274597,1
890.6,570.3,1144274614,1
840.8,513.4,1144274628,1
867.0,543.0,1144274656,1
875.9,545.1,1144274670,1
884.2,557.9,1144274686,1
886.1,561.4,1144274703,1
886.4,561.4,1144274723,1
887.7,564.1,1144274734,1
891.2,569.2,1144274748,1
892.5,560.6,1144274762,1
896.2,547.0,1144274778,1
911.0,531.2,1144274806,1
915.8,521.8,1144274824,1
909.1,528.9,1144274854,1
911.9,526.3,1144274871,1
912.6,517.7,1144274900,1
882.2,518.4,1144274916,1
883.4,515.9,1144274932,1
887.3,509.5,1144274961,1
894.0,505.4,1144274974,1
901.3,502.0,1144274991,1
904.1,500.1,1144275009,1
791.1,358.9,1144275023,1
727.8,280.3,1144275035,1
803.6,428.1,1144275048,1
812.5,443.7,1144275063,1
724.6,300.3,1144275078,1
683.4,238.6,1144275108,1
675.8,226.9,1144275122,1
759.7,320.2,1144275136,1
780.2,322.6,1144275168,1
872.5,461.6,1144275183,1
859.9,523.8,1144275198,1
868.7,508.3,1144275226,1
857.1,545.0,1144275255,1
786.1,507.5,1144275270,1
119.6,188.6,1144275286,1
917.6,456.5,1144288133,1
966.5,438.0,1144288155,2
963.0,481.3,1144288170,2
955.5,506.9,1144288200,2
938.9,543.9,1144288244,2
949.1,536.6,1144288261,2
951.5,589.7,1144288274,2
948.5,606.2,1144288322,2
941.8,617.3,1144288350,2
687.5,288.7,1144288363,2
880.3,388.4,1144288396,2
1059.2,510.0,1144288411,2
1080.1,562.7,1144288425,2
1018.9,674.3,1144288456,2
1046.8,608.1,1144288484,2
1016.8,638.2,1144288501,2
1074.1,575.5,1144288516,2
1146.1,569.5,1144288532,2
1155.7,574.9,1144288551,2
1175.1,620.0,1144288562,2
1358.3,630.0,1144288614,2
1252.8,672.4,1144288640,2
1190.5,704.0,1144288655,2
1036.4,608.4,1144288667,2
1046.8,631.7,1144288689,2
1071.8,692.2,1144288701,2
1041.8,646.3,1144288707,2
1083.1,643.6,1144288720,2
1064.5,630.4,1144288756,2
1052.4,606.2,1144288770,2
1038.5,502.4,1144288799,2
1046.9,507.0,1144288816,2
1049.5,450.0,1144288846,2
1044.4,348.7,1144288862,2
1051.5,327.3,1144288908,2
1065.0,369.9,1144288918,2
971.6,303.2,1144288935,2
1006.3,326.2,1144288952,2
1053.2,407.1,1144288981,2
1190.0,623.1,1144288994,2
1216.5,668.6,1144289025,2
1112.9,530.7,1144289071,2
1102.0,540.1,1144289086,2
1039.2,595.3,1144289116,2
1043.8,592.9,1144289132,2
1044.1,593.3,1144289161,2
1035.5,588.4,1144289176,2
845.7,356.4,1144289207,2
951.1,376.4,1144289222,2
984.7,369.5,1144289251,2
1175.2,417.8,1144289265,2
1192.7,418.8,1144289295,2
1119.1,400.9,1144289312,2
976.7,383.2,1144289357,2
916.2,367.6,1144289370,2
893.3,381.2,1144289384,2
895.6,428.6,1144289400,2
864.7,444.8,1144289414,2
836.9,492.5,1144289433,2
811.2,385.0,1144289448,2
822.9,366.7,1144289459,2
841.3,383.7,1144289535,2
904.4,417.5,1144289580,2
919.3,448.1,1144289593,2
865.7,481.3,1144289626,2
854.5,481.4,1144289671,2
809.8,389.8,1144289695,2
816.6,403.9,1144289710,2
788.0,354.8,1144289723,2
781.5,342.8,1144289741,2
784.7,347.5,1144289755,2
784.2,350.3,1144289806,2
801.1,311.8,1144289835,2
801.5,302.3,1144289852,2
759.6,197.9,1144289879,2
747.3,173.3,1144289897,2
735.7,155.2,1144289923,2
726.0,174.5,1144289987,2
749.1,337.3,1144290032,2
727.9,243.0,1144290060,2
708.1,146.5,1144290076,2
703.4,144.6,1144290105,2
698.1,224.1,1144290121,2
698.8,175.1,1144290147,2
678.4,232.1,1144290167,2
671.4,164.2,1144290194,2
659.3,231.3,1144290212,2
655.7,138.9,1144290258,2
698.5,182.6,1144290271,2
734.6,249.7,1144290285,2
840.4,386.7,1144290302,2
782.5,295.2,1144290314,2
879.2,393.6,1144290328,2
854.0,364.1,1144290346,2
869.8,299.5,1144290374,2
406.9,675.1,1144290640,2
684.1,441.2,1144290655,2
657.7,419.0,1144290704,2
717.8,416.1,1144290719,2
763.3,400.1,1144290735,2
771.6,370.3,1144290751,2
767.4,332.8,1144290766,2
771.5,342.6,1144290780,2
774.8,328.5,1144290797,2
768.5,339.2,1144290826,2
762.4,331.7,1144290854,2
761.2,330.7,1144290870,2
723.8,294.5,1144290886,2
721.7,294.9,1144290899,2
764.5,296.6,1144290915,2
763.3,292.4,1144290932,2
779.8,285.5,1144290976,2
669.7,145.6,1144291007,2
633.5, 98.5,1144291026,2
645.1,112.4,1144291054,2
671.7,137.4,1144291071,2
715.0,236.0,1144291097,2
678.4,220.8,1144291117,2
692.7,203.1,1144291132,2
685.4,215.6,1144291158,2
672.1,174.3,1144291184,2
665.1,152.3,1144291201,2
664.0,148.2,1144291219,2
665.4,162.3,1144291235,2
664.3,158.2,1144291251,2
648.5,144.4,1144291281,2
625.9,123.3,1144291324,2
615.1,119.7,1144291338,2
518.8,-37.7,1144291368,2
533.5,  3.2,1144291388,2
530.5,-39.4,1144291414,2
545.3,-21.2,1144291431,2
615.3,-51.9,1144291477,2
662.6,  6.7,1144291489,2
658.0, 73.8,1144291505,2
508.9, 40.6,1144291519,2
573.5, 77.7,1144291534,2
606.4, 92.8,1144291549,2
565.9, 65.3,1144291565,2
598.5, 82.3,1144291582,2
668.4,113.3,1144291613,2
679.0,115.9,1144291626,2
687.9,119.6,1144291639,2
614.4, 58.4,1144291656,2
671.6,116.5,1144291672,2
652.5, 99.9,1144291684,2
594.1, 58.2,1144291701,2
519.2, -9.0,1144291728,2
715.1,123.4,1144291760,2
631.7, 65.8,1144291773,2
636.4, 41.4,1144291789,2
757.9,137.1,1144291804,2
666.5,110.5,1144291822,2
620.5,102.7,1144291839,2
693.6,124.4,1144291853,2
602.5, 71.1,1144291864,2
642.2, 97.2,1144291882,2
772.2,150.6,1144291926,2
846.3,220.6,1144291941,2
898.0,247.2,1144291967,2
904.8,231.3,1144291980,2
912.2,233.9,1144291994,2
914.0,237.5,1144292010,2
919.2,226.9,1144292056,2
604.4,111.4,1144292072,2
502.8,-52.9,1144292087,2
705.4, 60.5,1144292101,2
691.0, -2.3,1144292115,2
637.7,-65.3,1144292131,2
763.4,-52.2,1144292145,2
700.2,-62.2,1144292160,2
614.6,-57.1,1144292175,2
586.2,-46.2,1144292220,2
438.1,-52.8,1144292235,2
339.9,-17.4,1144292264,2
366.3,-14.4,1144292311,2
580.0,-78.5,1144292332,2
539.2,-72.9,1144292394,2
596.9,-82.1,1144292407,2
709.5,-111.1,1144292421,2
863.5,-147.7,1144292435,2
749.8,-120.4,1144292451,2
815.5,-98.6,1144292466,2
784.1,-65.6,1144292511,2
676.2, -4.2,1144292540,2
710.2,  5.6,1144292556,2
690.5, 59.9,1144292569,2
654.3,125.0,1144292585,2
624.6,136.0,1144292630,2
316.6, 67.1,1144292660,2
329.6, 71.3,1144292676,2
344.0, 90.7,1144292706,2
415.5,195.2,1144292721,2
469.0,217.6,1144292739,2
551.8,273.7,1144292752,2
656.1,320.8,1144292764,2
618.2,315.6,1144292786,2
656.3,316.2,1144292826,2
685.9,312.4,1144292841,2
647.8,301.1,1144292853,2
681.9,278.0,1144292867,2
592.0,251.0,1144292895,2
681.5,334.8,1144292909,2
501.0,212.5,1144292925,2
719.0,389.2,1144292957,2
636.4,323.3,1144292970,2
654.6,344.9,1144292984,2
691.9,361.1,1144293001,2
663.0,342.1,1144293020,2
619.1,317.4,1144293035,2
611.2,312.6,1144293054,2
601.5,305.1,1144293082,2
458.1,202.5,1144293121,2
470.6,212.2,1144293143,2
598.7,355.0,1144293171,2
721.5,420.7,1144293189,2
622.1,360.5,1144293217,2
591.9,341.5,1144293228,2
558.8,327.5,1144293255,2
655.1,374.8,1144293271,2
643.9,315.0,1144293284,2
626.6,282.3,1144293300,2
722.5,373.7,1144293325,2
713.6,386.7,1144293341,2
694.9,289.3,1144293353,2
701.3,300.6,1144293369,2
745.6,351.1,1144293381,2
759.8,366.4,1144293413,2
770.6,381.5,1144293426,2
770.8,381.1,1144293440,2
736.3,346.1,1144293457,2
735.3,380.1,1144293503,2
771.9,395.2,1144293592,2
896.9,635.4,1144293623,2
966.3,590.2,1144293640,2
976.2,607.6,1144293655,2
986.7,610.5,1144293669,2
977.3,655.4,1144293681,2
993.5,705.8,1144293709,2
996.7,703.3,1144293726,2
942.0,744.0,1144293755,2
940.6,753.9,1144293771,2
965.5,695.4,1144293815,2
962.4,705.8,1144293832,2
1041.1,518.3,1144293862,2
1045.4,490.7,1144293886,2
956.4,439.4,1144293903,2
1036.5,504.2,1144293930,2
1043.1,539.6,1144293946,2
1069.7,577.3,1144293974,2
1010.6,647.7,1144294004,2
1007.6,649.2,1144294019,2
1014.7,606.7,1144294043,2
946.2,547.3,1144294056,2
988.5,560.8,1144294074,2
978.8,549.6,1144294089,2
949.0,544.2,1144294102,2
972.4,545.6,1144294116,2
951.2,538.3,1144294135,2
906.5,554.1,1144294181,2
889.8,569.7,1144294193,2
1027.6,649.1,1144294203,2
1037.7,651.9,1144294221,2
990.5,597.2,1144294249,2
967.3,578.6,1144294266,2
831.0,525.5,1144294312,2
987.0,675.9,1144294338,2
963.4,661.4,1144294358,2
989.6,683.9,1144294386,2
878.3,599.9,1144294401,2
887.5,626.7,1144294416,2
913.9,649.4,1144294433,2
948.8,689.5,1144294471,2
887.4,630.4,1144294489,2
979.3,653.6,1144294517,2
905.6,620.6,1144294535,2
869.2,607.1,1144294546,2
910.8,626.7,1144294562,2
860.8,613.6,1144294582,2
762.2,556.6,1144294608,2
782.7,570.3,1144294628,2
810.5,556.2,1144294653,2
754.4,479.1,1144294670,2
541.9,259.6,1144294682,2
564.4,255.2,1144294699,2
875.1,602.5,1144295035,2
866.4,750.7,1144295058,2
834.8,712.7,1144295074,2
747.8,618.1,1144295103,2
641.3,454.9,1144295121,2
551.5,292.6,1144295150,2
573.9,334.9,1144295166,2
700.8,495.5,1144295179,2
717.3,473.5,1144295211,2
654.9,363.9,1144295222,2
783.8,523.3,1144295240,2
758.4,477.1,1144295264,2
804.8,517.4,1144295276,2
760.6,406.6,1144295301,2
621.9,214.0,1144295329,2
658.1,246.5,1144295357,2
798.3,422.2,1144295374,2
695.2,298.8,1144295391,2
739.0,358.9,1144295420,2
716.6,332.8,1144295438,2
778.5,408.3,1144295451,2
777.8,407.0,1144295466,2
724.9,352.3,1144295483,2
720.5,331.9,1144295507,2
759.6,374.7,1144295522,2
713.8,297.8,1144295551,2
733.6,325.5,1144295567,2
747.2,364.7,1144295595,2
763.0,416.5,1144295668,2
785.6,449.6,1144295680,2
793.7,450.7,1144295695,2
843.6,510.5,1144295709,2
874.7,568.9,1144295740,2
816.6,310.8,1144295831,2
820.0, 60.1,1144295875,2
816.6, 88.9,1144295921,2
805.8, 83.6,1144295964,2
662.4,154.7,1144296004,2
664.5,158.9,1144296022,2
631.7,185.0,1144296066,2
632.0,185.3,1144296083,2
649.1,202.4,1144296111,2
670.5,210.4,1144296139,2
656.4,196.5,1144296155,2
696.5,194.1,1144296184,2
730.7,201.2,1144296200,2
634.7, 41.1,1144296287,2
832.8, 80.3,1144296332,2
754.7, 86.3,1144296365,2
737.1, 85.9,1144296382,2
633.6, 64.8,1144296410,2
633.0, 70.8,1144296425,2
643.9, 81.5,1144296438,2
662.4,129.1,1144296471,2
677.5,161.2,1144296483,2
697.5,200.1,1144296516,2
712.5,232.8,1144296531,2
712.6,234.2,1144296563,2
835.4,350.4,1144296609,2
843.3,370.1,1144296621,2
848.8,404.6,1144296653,2
807.6,573.4,1144296680,2
815.1,597.4,1144296708,2
834.7,625.2,1144296724,2
833.1,631.7,1144296745,2
857.3,632.7,1144296755,2
861.6,645.2,1144296766,2
892.8,652.3,1144296781,2
913.3,666.9,1144296810,2
920.5,655.3,1144296826,2
874.5,660.1,1144296855,2
877.0,653.8,1144296871,2
849.5,617.5,1144296884,2
852.8,615.8,1144296901,2
763.8,489.1,1144296917,2
763.9,462.9,1144296947,2
740.9,420.1,1144296963,2
757.7,450.5,1144296974,2
771.7,380.7,1144297007,2
794.9,443.0,1144297019,2
796.8,483.4,1144297035,2
783.6,449.6,1144297051,2
594.6, 53.6,1144297077,2
634.4,137.5,1144297095,2
529.7, 18.8,1144297124,2
570.7,185.4,1144297171,2
715.0,307.4,1144297190,2
545.6,389.8,1144297236,2
970.5,779.5,1144297490,2
1066.3,608.2,1144297534,2
974.7,546.4,1144297551,2
687.8,410.0,1144297582,2
697.1,431.3,1144297624,2
812.6,567.4,1144297641,2
880.7,537.2,1144297668,2
852.4,486.9,1144297689,2
851.4,436.2,1144297703,2
885.1,552.7,1144297713,2
840.6,455.8,1144297728,2
684.8,165.3,1144297757,2
724.8,112.5,1144297772,2
683.3, 66.7,1144297785,2
680.6, 60.2,1144297800,2
705.8, 62.6,1144297816,2
763.4, 80.6,1144297827,2
727.2, 45.8,1144297845,2
772.7, 65.3,1144297860,2
744.0, 51.2,1144297874,2
725.9, 38.0,1144297913,2
641.3, -4.0,1144297927,2
685.7,-11.3,1144297958,2
600.6, 82.6,1144297971,2
715.6,144.7,1144297998,2
797.8,224.3,1144298012,2
849.7,290.2,1144298027,2
826.9,368.5,1144298059,2
801.5,417.1,1144298071,2
821.5,386.8,1144298086,2
830.0,346.8,1144298101,2
862.6,281.3,1144298115,2
897.9,210.2,1144298132,2
916.1,347.1,1144298147,2
925.9,432.6,1144298160,2
885.8,277.8,1144298180,2
877.9,253.9,1144298206,2
868.5,197.0,1144298221,2
866.6,244.8,1144298236,2
854.7,159.3,1144298251,2
825.3, 63.1,1144298267,2
432.3,-123.7,1144298296,2
514.5,-25.8,1144298313,2
424.1,-92.5,1144298357,2
647.4,165.5,1144298400,2
942.2,413.3,1144298461,2
942.2,413.3,1144298536,2
1032.1,342.8,1144298565,2
837.2,376.4,1144298596,2
955.3,356.1,1144298628,2
777.5,432.5,1144298656,2
1290.8,772.1,1144298672,2
1223.9,616.8,1144298687,2
1208.7,618.2,1144298704,2
962.7,342.3,1144298716,2
933.4,367.1,1144298732,2
913.4,325.1,1144298747,2
799.2,230.7,1144298763,2
779.1,220.0,1144298778,2
664.4,154.5,1144298806,2
676.8,353.8,1144298821,2
674.1,338.8,1144298836,2
691.7,417.3,1144298852,2
724.9,453.9,1144298868,2
793.1,550.4,1144298882,2
760.1,490.1,1144298898,2
742.5,450.2,1144298926,2
655.6,313.0,1144298958,2
662.2,301.4,1144298973,2
670.3,317.6,1144298986,2
673.4,311.6,1144299001,2
701.7,346.2,1144299016,2
674.2,306.3,1144299032,2
718.2,369.1,1144299047,2
675.3,327.0,1144299062,2
655.8,339.0,1144299078,2
697.2,394.6,1144299122,2
707.1,397.2,1144299137,2
658.2,333.8,1144299153,2
644.5,306.3,1144299171,2
695.4,393.0,1144299182,2
607.9,272.0,1144299198,2
611.8,284.8,1144299214,2
641.1,329.6,1144299228,2
686.7,402.1,1144299258,2
695.8,417.9,1144299270,2
658.7,384.6,1144299285,2
657.1,384.7,1144299303,2
683.4,412.8,1144299315,2
573.2,261.1,1144299331,2
616.7,311.8,1144299347,2
634.0,333.6,1144299361,2
594.1,268.1,1144299377,2
637.8,325.9,1144299405,2
626.4,308.2,1144299422,2
638.0,325.3,1144299439,2
662.8,367.3,1144299455,2
591.5,282.8,1144299468,2
610.2,306.7,1144299484,2
620.9,314.2,1144299496,2
577.2,237.3,1144299511,2
596.5,251.5,1144299527,2
663.9,301.3,1144299572,2
805.0,319.1,1144299586,2
722.5,278.2,1144299617,2
775.2,271.8,1144299629,2
833.3,167.8,1144299645,2
722.9,169.7,1144299662,2
772.4, 95.6,1144299677,2
766.9, 70.9,1144299709,2
782.5,110.2,1144299723,2
713.3,174.4,1144299736,2
699.9,191.2,1144299751,2
705.0,261.7,1144299766,2
696.7,308.1,1144299781,2
696.8,316.9,1144299797,2
710.2,289.4,1144299813,2
724.9,253.1,1144299830,2
758.2,162.8,1144299871,2
760.4,183.1,1144299887,2
550.5,321.2,1144299916,2
578.6,335.5,1144299948,2
577.0,335.9,1144299963,2
590.1,322.7,1144299979,2
665.0,291.9,1144300007,2
784.9,211.6,1144300036,2
765.4,219.9,1144300050,2
702.8,252.4,1144300067,2
777.4,225.1,1144300095,2
774.9,232.8,1144300111,2
758.6,223.2,1144300128,2
742.9,205.1,1144300159,2
756.1,209.8,1144300187,2
754.6,216.3,1144300203,2
734.8,213.9,1144300232,2
719.2,204.9,1144300248,2
719.7,201.0,1144300278,2
740.9,172.7,1144300306,2
722.8,146.7,1144300323,2
715.4,143.0,1144300338,2
725.8,171.5,1144300367,2
733.9,192.1,1144300383,2
705.8,156.2,1144300428,2
801.9,  4.6,1144300457,2
823.6,-14.1,1144300476,2
713.8, 28.3,1144300501,2
705.5, 35.1,1144300516,2
614.5, 67.0,1144300562,2
735.9, 16.4,1144300607,2
739.4, 16.0,1144300623,2
745.2,-60.1,1144300640,2
743.4,-49.4,1144300657,2
799.7, 40.4,1144300672,2
815.5, 41.4,1144300689,2
866.1, 90.1,1144300705,2
879.0, 89.5,1144300720,2
885.6, 61.8,1144300761,2
881.4, 59.7,1144300790,2
932.7,126.9,1144300836,2
968.0,166.4,1144300883,2
967.8,167.0,1144300924,2
826.3,-50.4,1144300970,2
807.1, 17.8,1144300985,2
796.9, 51.5,1144301016,2
782.8,105.2,1144301061,2
839.3,107.9,1144301107,2
868.4, 27.3,1144301151,2
866.0, 14.6,1144301167,2
797.8, 80.5,1144301214,2
774.8, 73.4,1144301226,2
707.0, -4.6,1144301243,2
687.2,-12.8,1144301271,2
680.6,-11.8,1144301287,2
721.2, 25.8,1144301317,2
706.1, 46.6,1144301334,2
691.9, -7.1,1144301362,2
699.1, 15.0,1144301379,2
657.5, 47.3,1144301395,2
624.4, 71.1,1144301406,2
637.8, 76.5,1144301423,2
655.1,131.1,1144301453,2
623.5,145.0,1144301465,2
630.7,181.8,1144301477,2
720.6,246.7,1144301507,2
611.5,354.2,1144301823,2
492.7,271.2,1144301856,2
549.1,240.5,1144301873,2
520.1,251.4,1144301899,2
526.3,249.9,1144301917,2
674.8,200.5,1144301930,2
783.3,222.8,1144301961,2
753.7,238.5,1144301975,2
637.5,208.7,1144301988,2
658.5,215.0,1144302007,2
683.9,220.7,1144302021,2
655.5,210.8,1144302034,2
675.2,199.0,1144302051,2
715.7,225.3,1144302065,2
664.2,197.2,1144302082,2
619.0,147.0,1144302106,2
630.1,126.6,1144302122,2
676.7,136.5,1144302137,2
701.1,154.1,1144302154,2
588.8, 56.1,1144302165,2
541.6, -9.1,1144302182,2
612.5, 63.8,1144302197,2
536.4,  5.9,1144302211,2
516.7, 59.3,1144302226,2
600.2,152.9,1144302259,2
688.8,255.4,1144302273,2
524.8,164.2,1144302301,2
539.0,183.2,1144302316,2
509.8,158.0,1144302332,2
567.1,201.4,1144302347,2
600.4,219.9,1144302364,2
751.2,320.2,1144302408,2
749.2,334.4,1144302424,2
714.8,330.6,1144302438,2
718.1,331.8,1144302452,2
791.3,379.6,1144302481,2
813.2,393.8,1144302498,2
823.1,419.0,1144302512,2
849.6,444.3,1144302528,2
872.5,387.2,1144302556,2
882.7,378.6,1144302572,2
887.2,383.4,1144302596,2
918.2,413.4,1144302624,2
958.0,503.2,1144302640,2
949.8,475.3,1144302670,2
920.3,447.2,1144302685,2
813.6,365.3,1144302727,2
833.9,434.0,1144302774,2
867.5,476.6,1144302787,2
834.3,469.6,1144302801,2
854.3,475.3,1144302817,2
847.7,454.1,1144302833,2
913.3,479.4,1144302863,2
972.9,506.8,1144302891,2
978.1,507.1,1144302904,2
937.1,474.6,1144302915,2
825.9,335.2,1144302946,2
804.6,324.2,1144302975,2
831.5,363.2,1144303005,2
862.2,329.1,1144303035,2
876.9,277.6,1144303049,2
828.4,281.0,1144303065,2
923.5,364.5,1144303080,2
849.7,305.9,1144303109,2
816.7,290.5,1144303133,2
786.5,287.6,1144303165,2
789.2,287.0,1144303181,2
794.8,297.3,1144303192,2
797.0,296.6,1144303207,2
790.0,267.7,1144303225,2
776.3,219.0,1144303245,2
777.3,222.5,1144303260,2
770.9,195.5,1144303306,2
772.9,187.6,1144303320,2
769.3,193.6,1144303350,2
825.1,231.8,1144303400,2
859.4,325.7,1144303414,2
869.4,346.1,1144303431,2
880.9,399.9,1144303467,2
887.3,388.4,1144303494,2
860.7,376.0,1144303520,2
792.5,287.1,1144303536,2
854.8,243.0,1144303567,2
872.4,251.8,1144303587,2
828.0,205.7,1144303654,2
836.2,243.7,1144303671,2
702.6,578.8,1144304041,2
401.6,279.7,1144308289,3
614.2, 58.0,1144308304,3
997.5,611.2,1144308335,3
1093.9,757.8,1144308350,3
999.8,651.1,1144308381,3
1007.7,727.0,1144308423,3
944.4,490.2,1144308443,3
973.1,575.9,1144308455,3
939.3,428.4,1144308469,3
1057.3,363.3,1144308490,3
1014.3,311.7,1144308504,3
983.1,120.2,1144308521,3
947.1,103.7,1144308536,3
944.3, 78.7,1144308560,3
944.7,107.1,1144308577,3
924.6, 85.6,1144308590,3
882.7,159.0,1144308603,3
814.3, 55.8,1144308622,3
819.2, 30.6,1144308635,3
833.7, 92.5,1144308646,3
798.2,107.0,1144308667,3
792.9,111.6,1144308682,3
768.8,127.3,1144308711,3
769.7,204.8,1144308726,3
749.1,257.7,1144308738,3
735.0,264.5,1144308757,3
751.4,311.0,1144308773,3
718.1,284.4,1144308784,3
713.5,290.0,1144308803,3
723.2,350.8,1144308818,3
718.3,412.2,1144308887,3
789.9, 75.8,1144308929,3
769.3,197.6,1144308974,3
790.2,146.4,1144309017,3
815.1,155.5,1144309032,3
821.2, 99.9,1144309049,3
865.8,151.9,1144309064,3
887.5,176.5,1144309109,3
929.7,294.9,1144309155,3
945.4,343.7,1144309171,3
827.5,262.6,1144309183,3
811.8,228.5,1144309200,3
825.1,278.4,1144309214,3
825.6,282.0,1144309229,3
826.7,287.8,1144309245,3
865.2,429.2,1144309260,3
869.3,443.6,1144309274,3
872.7,473.8,1144309306,3
853.1,399.9,1144309320,3
849.1,284.1,1144309336,3
899.3,516.8,1144309350,3
892.6,445.8,1144309364,3
866.2,352.0,1144309381,3
848.6,548.8,1144309394,3
844.0,465.1,1144309408,3
839.2,444.0,1144309425,3
827.0,407.4,1144309455,3
820.9,279.7,1144309470,3
829.4,422.3,1144309491,3
825.9,191.0,1144309505,3
808.7,-67.4,1144309522,3
803.3,-115.9,1144309550,3
760.1,-145.2,1144309565,3
809.7,176.6,1144309579,3
739.2,-140.2,1144309612,3
751.6,-57.4,1144309625,3
765.8,-38.2,1144309657,3
784.2,-15.7,1144309669,3
801.6, 64.3,1144309702,3
874.5, 44.7,1144309794,3
874.5, 44.7,1144309807,3
1006.7,320.7,1144309822,3
1039.3,342.7,1144309836,3
1086.2,265.5,1144309848,3
1156.8,237.7,1144309866,3
1154.2,312.8,1144309883,3
1229.8,361.7,1144309910,3
1186.1,431.7,1144309927,3
1216.2,400.1,1144309939,3
1141.7,498.2,1144309955,3
1142.4,505.9,1144309976,3
1073.7,514.5,1144309983,3
1101.6,493.0,1144309996,3
1140.0,469.4,1144310011,3
1219.1,431.3,1144310056,3
1283.8,469.1,1144310072,3
1317.1,476.6,1144310092,3
1290.0,478.1,1144310107,3
1280.5,480.0,1144310120,3
1275.8,460.9,1144310137,3
1229.6,451.4,1144310153,3
1227.0,517.0,1144310167,3
1190.9,562.0,1144310183,3
1185.3,557.8,1144310215,3
1247.6,635.4,1144310228,3
1196.0,616.0,1144310243,3
1186.7,604.0,1144310257,3
1229.2,711.3,1144310271,3
1224.2,687.8,1144310292,3
1222.0,682.5,1144310306,3
1232.1,730.0,1144310317,3
1219.1,674.2,1144310337,3
1197.0,621.6,1144310357,3
1121.3,536.2,1144310372,3
1159.4,607.3,1144310399,3
1130.3,651.3,1144310415,3
1145.9,623.6,1144310429,3
1154.8,653.6,1144310446,3
1149.3,634.1,1144310462,3
1198.2,695.7,1144310475,3
1180.7,705.2,1144310508,3
1204.5,713.5,1144310516,3
1182.2,697.8,1144310534,3
1165.1,680.4,1144310552,3
1188.2,689.7,1144310569,3
1169.1,662.8,1144310587,3
1133.4,643.1,1144310604,3
1119.7,634.8,1144310617,3
1103.9,624.2,1144310635,3
1093.8,620.0,1144310654,3
1055.7,607.6,1144310670,3
1058.5,604.7,1144310686,3
1059.2,582.4,1144310698,3
1052.1,575.6,1144310715,3
1054.7,575.4,1144310732,3
1093.0,576.5,1144310750,3
1098.1,571.4,1144310766,3
1102.9,571.3,1144310783,3
1070.3,562.6,1144310814,3
1043.7,555.9,1144310830,3
1056.7,567.1,1144310843,3
1067.2,585.2,1144310858,3
1088.1,592.7,1144310873,3
1099.1,585.0,1144310888,3
1083.9,543.7,1144310902,3
1078.7,549.0,1144310918,3
1068.4,576.3,1144310958,3
1069.7,556.7,1144310984,3
1082.6,558.0,1144311000,3
1069.4,566.3,1144311030,3
1073.7,562.6,1144311055,3
1061.4,583.1,1144311080,3
972.2,503.4,1144311109,3
1012.2,520.7,1144311126,3
1060.9,518.9,1144311142,3
1134.1,567.8,1144311157,3
1147.4,578.2,1144311174,3
1122.0,555.1,1144311185,3
1136.7,550.8,1144311210,3
1129.5,533.3,1144311231,3
1113.6,542.3,1144311262,3
1111.4,549.1,1144311278,3
1111.6,547.6,1144311292,3
1095.1,519.4,1144311304,3
1095.4,527.4,1144311327,3
1165.5,549.1,1144311345,3
1199.4,565.0,1144311375,3
1160.9,540.8,1144311406,3
1159.7,528.5,1144311420,3
1172.0,533.7,1144311433,3
1141.7,521.5,1144311462,3
1110.0,540.3,1144311480,3
1093.2,555.6,1144311494,3
1138.2,574.1,1144311508,3
1106.5,570.6,1144311525,3
1145.6,580.0,1144311572,3
1172.7,578.2,1144311597,3
1117.7,538.4,1144311611,3
1130.5,563.0,1144311625,3
1129.2,563.9,1144311641,3
1213.4,596.5,1144311656,3
1234.9,608.0,1144311668,3
1206.0,597.2,1144311678,3
1139.0,579.6,1144311705,3
1042.9,545.8,1144311721,3
1108.3,556.5,1144311735,3
1058.4,530.4,1144311749,3
1069.9,534.6,1144311768,3
1128.5,559.8,1144311780,3
1154.1,565.9,1144311795,3
1174.9,578.8,1144311813,3
1196.8,590.7,1144311831,3
1293.9,583.8,1144311862,3
1306.4,580.8,1144311877,3
1315.7,575.6,1144311892,3
1299.3,580.8,1144311907,3
1279.9,590.9,1144311921,3
1209.4,619.5,1144311935,3
1201.7,618.0,1144311952,3
1202.1,613.1,1144311969,3
1066.0,569.2,1144311983,3
1088.5,576.6,1144312015,3
1063.7,562.6,1144312029,3
1078.1,558.0,1144312044,3
1030.2,548.6,1144312072,3
1046.7,550.5,1144312087,3
1037.1,542.6,1144312099,3
1049.2,542.3,1144312116,3
1057.9,535.9,1144312133,3
1033.0,530.4,1144312162,3
1050.0,545.8,1144312177,3
1079.7,557.9,1144312192,3
1067.1,550.5,1144312203,3
1054.4,565.2,1144312216,3
1036.4,553.0,1144312230,3
1051.2,561.3,1144312245,3
1145.0,593.3,1144312261,3
1105.3,580.8,1144312276,3
1080.9,580.9,1144312319,3
1084.3,556.3,1144312341,3
1065.2,528.2,1144312359,3
1128.1,570.4,1144312374,3
1127.2,537.5,1144312389,3
1130.4,545.6,1144312405,3
1139.6,562.9,1144312418,3
1104.8,515.2,1144312437,3
1063.9,497.9,1144312476,3
969.7,408.2,1144312495,3
940.0,460.7,1144312524,3
927.3,490.3,1144312541,3
909.2,604.0,1144312569,3
940.4,601.8,1144312579,3
988.5,616.9,1144312605,3
1016.6,614.0,1144312621,3
1069.9,575.4,1144312634,3
1109.9,592.5,1144312651,3
1106.4,587.8,1144312667,3
1103.3,605.5,1144312678,3
1132.3,604.5,1144312695,3
1135.9,602.0,1144312712,3
1133.6,599.0,1144312726,3
1025.5,542.7,1144312759,3
1001.1,529.1,1144312785,3
809.5,367.4,1144313484,3
1054.7,620.0,1144313517,3
991.9,546.3,1144313534,3
1014.7,571.6,1144313561,3
957.8,517.7,1144313572,3
881.2,375.0,1144313594,3
949.6,326.4,1144313614,3
932.0,335.7,1144313625,3
917.4,317.8,1144313657,3
910.5,354.9,1144313670,3
955.5,330.1,1144313685,3
980.8,270.1,1144313702,3
987.0,255.5,1144313714,3
1023.3,274.8,1144313731,3
1015.3,267.7,1144313746,3
987.3,262.5,1144313760,3
948.9,281.3,1144313778,3
919.2,408.7,1144313805,3
919.8,402.8,1144313822,3
952.9,416.0,1144313839,3
953.7,425.5,1144313849,3
977.7,465.3,1144313866,3
992.4,441.2,1144313884,3
1010.9,451.8,1144313895,3
1002.2,448.5,1144313910,3
1012.9,458.1,1144313926,3
1000.8,449.3,1144313958,3
992.6,447.2,1144313973,3
1023.5,471.3,1144313986,3
1023.6,479.4,1144314001,3
991.2,469.0,1144314017,3
934.8,472.9,1144314048,3
917.1,464.0,1144314062,3
892.4,396.2,1144314076,3
908.9,474.5,1144314108,3
997.6,510.1,1144314136,3
953.5,483.3,1144314154,3
966.9,431.6,1144314180,3
962.2,425.2,1144314196,3
916.3,372.2,1144314225,3
916.0,389.5,1144314259,3
933.3,421.6,1144314272,3
924.4,354.3,1144314289,3
917.0,327.8,1144314315,3
849.8,294.2,1144314331,3
850.0,298.4,1144314345,3
868.2,299.6,1144314361,3
874.4,232.6,1144314375,3
879.5,221.5,1144314406,3
852.0,194.8,1144314422,3
912.1,263.9,1144314436,3
861.5,175.8,1144314452,3
833.9,166.9,1144314467,3
890.0,238.8,1144314479,3
893.7,242.2,1144314495,3
886.7,209.4,1144314512,3
937.8,280.8,1144314528,3
906.3,266.2,1144314556,3
1028.1,208.5,1144314571,3
1007.4,210.4,1144314587,3
993.4,222.5,1144314603,3
1017.9,236.0,1144314616,3
1091.6,283.6,1144314632,3
1055.1,313.5,1144314647,3
1066.3,335.0,1144314677,3
1090.2,356.5,1144314721,3
1069.5,346.3,1144314744,3
979.4,313.0,1144314766,3
954.9,299.1,1144314784,3
925.5,270.7,1144314797,3
912.2,256.6,1144314811,3
949.1,198.0,1144314828,3
953.5,184.8,1144314856,3
956.7,182.4,1144314871,3
979.9,188.4,1144314900,3
965.8,183.5,1144314914,3
971.9,180.5,1144314927,3
1031.9,240.5,1144314945,3
1030.7,238.7,1144314962,3
1043.3,258.0,1144315007,3
1055.8,319.6,1144315037,3
1054.2,321.4,1144315052,3
1052.2,323.5,1144315067,3
1053.7,326.8,1144315082,3
1054.7,338.6,1144315097,3
1039.0,308.4,1144315111,3
1027.5,287.1,1144315128,3
989.6,259.7,1144315159,3
958.4,239.4,1144315171,3
985.3,264.7,1144315186,3
978.1,257.3,1144315200,3
937.2,185.7,1144315214,3
858.5, 15.2,1144315232,3
1003.4,324.3,1144315246,3
992.8,313.6,1144315262,3
863.6, 53.3,1144315279,3
894.8,215.1,1144315307,3
837.9,146.4,1144315321,3
832.2,149.5,1144315337,3
722.2, 20.8,1144315350,3
750.1,127.0,1144315366,3
743.8,175.5,1144315395,3
720.0,238.6,1144315411,3
668.2,381.2,1144315456,3
741.0,-38.2,1144315957,3
741.0,-38.2,1144315990,3
741.0,-38.2,1144316025,3
766.4, -9.7,1144316057,3
882.0,119.8,1144316074,3
934.8,181.2,1144316088,3
950.1,246.9,1144316104,3
967.4,216.5,1144316117,3
1000.6,333.5,1144316137,3
985.8,451.3,1144316150,3
960.4,456.7,1144316178,3
975.1,524.9,1144316208,3
966.7,493.8,1144316225,3
933.2,376.0,1144316237,3
915.0,246.6,1144316254,3
931.0,284.5,1144316270,3
943.3,317.0,1144316282,3
985.5,293.9,1144316300,3
1022.1,335.0,1144316316,3
1088.0,287.4,1144316329,3
1062.5,385.0,1144316362,3
1042.5,396.8,1144316388,3
1034.3,398.7,1144316404,3
987.3,395.5,1144316446,3
1013.7,405.4,1144316454,3
990.1,399.3,1144316465,3
991.7,403.0,1144316482,3
971.1,383.0,1144316508,3
1009.7,433.3,1144316523,3
1028.6,445.1,1144316543,3
1023.4,444.5,1144316553,3
1040.4,459.6,1144316566,3
991.8,423.4,1144316580,3
875.0,466.7,1144316591,3
890.2,456.2,1144316607,3
908.7,440.3,1144316624,3
906.8,451.6,1144316654,3
921.7,445.4,1144316668,3
945.1,498.4,1144316697,3
1002.1,562.7,1144316751,3
1000.7,541.6,1144316767,3
1079.4,497.0,1144316809,3
1098.4,503.0,1144316838,3
1106.5,510.7,1144316857,3
1100.0,515.4,1144316870,3
1098.4,543.3,1144316884,3
1094.0,552.8,1144316901,3
1093.3,554.1,1144316915,3
1079.6,562.2,1144316930,3
1068.7,576.5,1144316972,3
958.6,775.1,1144317017,3
963.4,699.0,1144317064,3
1131.5,662.8,1144317110,3
1180.5,657.5,1144317124,3
1176.8,640.5,1144317154,3
1138.8,612.9,1144317168,3
1036.7,582.4,1144317180,3
1032.5,584.1,1144317197,3
1017.7,574.4,1144317216,3
1040.9,561.8,1144317230,3
1004.0,554.5,1144317262,3
1044.8,527.3,1144317291,3
1103.9,498.5,1144317308,3
1100.9,486.2,1144317321,3
1074.5,487.5,1144317333,3
1084.9,477.7,1144317348,3
1071.3,503.1,1144317359,3
1068.2,510.3,1144317374,3
1024.3,511.4,1144317405,3
1030.9,505.8,1144317419,3
1035.0,505.4,1144317436,3
1010.3,502.6,1144317449,3
998.7,498.2,1144317464,3
1023.9,486.5,1144317481,3
1030.2,483.9,1144317494,3
1053.3,482.1,1144317508,3
1055.9,475.6,1144317527,3
1052.6,467.9,1144317555,3
1056.7,456.2,1144317571,3
1059.5,457.0,1144317581,3
1044.4,444.4,1144317599,3
1058.9,435.0,1144317615,3
1062.7,432.1,1144317629,3
1063.1,429.3,1144317646,3
1049.4,419.3,1144317660,3
1009.7,323.6,1144317674,3
1026.2,322.5,1144317705,3
1083.0,326.7,1144317720,3
1044.0,307.5,1144317739,3
1041.4,305.5,1144317757,3
1077.8,308.9,1144317772,3
1082.8,301.9,1144317787,3
1085.8,298.7,1144317803,3
1055.3,289.1,1144317818,3
924.3,282.8,1144317834,3
918.1,286.5,1144317854,3
896.5,257.1,1144317868,3
911.3,265.9,1144317884,3
926.5,273.4,1144317898,3
991.2,314.4,1144317912,3
1005.8,324.5,1144317930,3
988.9,299.1,1144317943,3
983.8,276.8,1144317959,3
998.9,272.2,1144317974,3
968.3,226.3,1144318010,3
970.8,214.3,1144318027,3
977.7,205.1,1144318040,3
992.4,145.9,1144318055,3
1015.1, 92.9,1144318075,3
1002.8,149.9,1144318088,3
1006.5,159.8,1144318118,3
997.7,163.2,1144318132,3
986.0,152.9,1144318157,3
966.0,114.1,1144318170,3
931.1, 63.8,1144318185,3
916.8,170.5,1144318201,3
923.9,172.7,1144318215,3
933.3,180.3,1144318230,3
953.4,189.2,1144318246,3
959.1,188.6,1144318259,3
970.5,187.3,1144318275,3
1004.3,198.8,1144318305,3
1003.9,202.6,1144318319,3
1007.4,255.6,1144318335,3
1006.5,259.4,1144318349,3
989.0,210.4,1144318364,3
1024.0,410.8,1144318380,3
1012.7,358.8,1144318394,3
1003.8,313.0,1144318409,3
1042.8,387.7,1144318424,3
1029.5,329.4,1144318456,3
1045.6,336.4,1144318472,3
1031.6,281.2,1144318490,3
1013.8,240.4,1144318505,3
1027.7,306.1,1144318522,3
1008.5,281.1,1144318536,3
973.3,232.9,1144318550,3
984.7,222.2,1144318568,3
973.3,205.9,1144318582,3
957.6,173.8,1144318613,3
957.8,188.7,1144318623,3
948.0,198.9,1144318636,3
941.5,185.1,1144318650,3
932.3,237.5,1144318666,3
918.8,223.6,1144318681,3
920.6,221.9,1144318697,3
965.4,249.7,1144318712,3
955.6,234.6,1144318728,3
971.7,258.3,1144318755,3
966.3,260.7,1144318772,3
968.7,309.6,1144318786,3
960.9,307.0,1144318799,3
956.3,300.1,1144318814,3
947.8,300.7,1144318831,3
969.8,326.6,1144318845,3
998.5,331.7,1144318859,3
1029.5,343.6,1144318905,3
1040.9,336.0,1144318919,3
1037.6,328.7,1144318941,3
1095.7,360.8,1144318956,3
1071.4,347.1,1144318987,3
1088.0,362.4,1144319017,3
1054.0,412.1,1144319031,3
991.4,427.1,1144319064,3
985.3,416.2,1144319077,3
964.2,415.8,1144319090,3
952.3,409.0,1144319109,3
959.8,411.2,1144319125,3
981.6,425.7,1144319139,3
1012.6,415.5,1144319155,3
1039.2,294.6,1144319174,3
1030.5,213.1,1144319188,3
1029.0,215.2,1144319215,3
1022.1,180.9,1144319228,3
1029.8,168.6,1144319241,3
1040.6,222.6,1144319254,3
1052.2,221.8,1144319266,3
1035.9,183.5,1144319281,3
1025.2,219.8,1144319309,3
1002.6,286.9,1144319325,3
982.9,274.0,1144319355,3
980.3,286.2,1144319371,3
968.2,395.5,1144319384,3
978.5,399.7,1144319399,3
983.9,391.5,1144319415,3
981.6,387.2,1144319428,3
980.3,397.0,1144319444,3
972.9,410.2,1144319460,3
970.1,435.6,1144319518,3
952.1,475.6,1144319532,3
967.1,468.2,1144319545,3
957.8,472.9,1144319578,3
963.2,462.9,1144319592,3
948.1,470.0,1144319607,3
929.4,480.4,1144319622,3
932.3,483.5,1144319643,3
947.6,495.3,1144319675,3
953.2,473.1,1144319691,3
984.3,487.0,1144319707,3
986.7,486.7,1144319724,3
996.2,522.6,1144319739,3
998.4,529.8,1144319751,3
989.2,509.2,1144319760,3
998.2,518.8,1144319770,3
992.4,518.2,1144319809,3
991.3,514.7,1144319829,3
972.7,487.1,1144319845,3
970.8,449.9,1144319858,3
983.5,469.3,1144319875,3
968.1,461.8,1144319886,3
969.4,429.5,1144319896,3
976.0,447.9,1144319911,3
980.6,460.0,1144319923,3
979.7,456.5,1144319955,3
974.1,443.4,1144319969,3
978.8,361.5,1144319984,3
1008.3,354.5,1144320000,3
1007.0,369.8,1144320013,3
1033.9,430.9,1144320029,3
1085.0,451.8,1144320045,3
1067.1,450.0,1144320058,3
1090.3,476.2,1144320075,3
1102.7,489.1,1144320126,3
1058.1,516.3,1144320143,3
1094.4,527.5,1144320168,3
1104.0,516.8,1144320182,3
1097.0,498.2,1144320208,3
926.7,381.3,1144320225,3
665.9,221.0,1144320254,3
714.5,247.5,1144320269,3
781.0,313.7,1144320300,3
788.4,294.8,1144320315,3
977.1,350.0,1144320345,3
982.9,344.5,1144320360,3
1003.6,326.0,1144320406,3
1006.3,328.5,1144320418,3
1036.1,361.9,1144320434,3
1034.7,378.1,1144320452,3
948.9,318.2,1144320471,3
983.4,346.1,1144320485,3
952.6,318.3,1144320502,3
988.6,336.3,1144320531,3
1145.7,430.1,1144320574,3
1134.8,424.8,1144320592,3
1032.6,366.0,1144320620,3
1029.0,329.6,1144320638,3
1005.8,315.3,1144320652,3
1025.6,294.7,1144320664,3
1026.7,293.9,1144320677,3
1028.5,299.2,1144320705,3
1027.5,304.1,1144320719,3
940.1,288.6,1144320733,3
1005.2,334.7,1144320750,3
1000.1,407.0,1144320770,3
893.0,329.8,1144320799,3
920.7,344.3,1144320817,3
884.8,328.5,1144320863,3
1017.6,409.6,1144320890,3
1016.2,418.8,1144320907,3
1010.6,399.5,1144320921,3
954.2,402.0,1144320938,3
1011.6,421.9,1144320954,3
1019.7,404.8,1144320983,3
1029.7,409.5,1144321025,3
1024.8,390.2,1144321041,3
1022.9,386.9,1144321054,3
1025.0,383.9,1144321070,3
1045.6,357.4,1144321086,3
969.2,320.3,1144321100,3
999.9,259.7,1144321116,3
1001.0,265.1,1144321134,3
1000.1,299.3,1144321162,3
999.2,356.6,1144321177,3
992.8,327.2,1144321192,3
988.0,366.0,1144321207,3
976.4,358.8,1144321223,3
976.2,358.0,1144321234,3
958.3,317.3,1144321245,3
982.4,334.6,1144321262,3
963.7,316.5,1144321274,3
955.8,315.3,1144321307,3
974.9,345.5,1144321320,3
981.3,364.6,1144321334,3
975.3,360.7,1144321350,3
976.4,393.5,1144321379,3
974.4,394.1,1144321395,3
688.3,189.0,1144321536,3
824.0,283.2,1144321671,3
933.7,447.7,1144321700,3
893.4,453.0,1144321716,3
929.1,419.5,1144321760,3
940.6,399.8,1144321772,3
957.7,373.1,1144321787,3
979.0,362.8,1144321806,3
999.5,353.3,1144321818,3
1025.9,356.1,1144321834,3
1020.6,359.9,1144321850,3
1022.5,379.4,1144321864,3
1040.6,413.9,1144321883,3
1032.4,434.6,1144321904,3
1002.1,472.3,1144321919,3
1009.3,437.8,1144321934,3
1009.2,444.0,1144321946,3
992.9,470.9,1144321961,3
1000.2,467.2,1144321979,3
982.8,472.0,1144321993,3
980.2,455.7,1144322009,3
982.5,445.5,1144322024,3
973.1,399.2,1144322058,3
972.4,363.0,1144322076,3
938.1,336.9,1144322087,3
920.8,313.5,1144322103,3
918.3,313.0,1144322119,3
907.6,296.9,1144322131,3
902.5,292.2,1144322149,3
895.5,284.8,1144322165,3
891.9,280.6,1144322178,3
915.9,287.3,1144322211,3
936.6,294.9,1144322227,3
946.8,308.8,1144322237,3
988.4,333.1,1144322255,3
998.1,273.1,1144322267,3
1010.2,265.2,1144322287,3
1017.2,272.4,1144322301,3
1014.7,228.1,1144322313,3
1026.2,226.9,1144322334,3
1017.4,242.7,1144322360,3
1034.1,234.8,1144322374,3
1046.8,263.7,1144322391,3
1007.4,278.0,1144322408,3
1014.2,292.9,1144322420,3
1023.7,310.7,1144322436,3
1019.8,320.2,1144322449,3
1026.5,326.7,1144322467,3
1027.2,335.2,1144322483,3
1049.4,373.6,1144322510,3
1063.4,409.6,1144322528,3
1035.8,377.3,1144322539,3
1060.5,432.1,1144322554,3
1074.1,420.4,1144322572,3
1034.2,432.3,1144322586,3
1024.3,435.2,1144322600,3
1042.4,427.2,1144322619,3
990.1,439.2,1144322631,3
989.6,430.8,1144322662,3
966.1,429.9,1144322673,3
968.0,431.4,1144322694,3
1001.0,432.4,1144322714,3
959.4,471.0,1144322728,3
1004.0,473.8,1144322739,3
1015.1,472.0,1144322749,3
986.2,481.4,1144322759,3
1011.5,466.9,1144322769,3
1043.0,452.1,1144322802,3
1001.1,432.3,1144322818,3
1022.5,440.1,1144322838,3
1021.9,440.3,1144322854,3
1024.7,437.9,1144322868,3
1021.0,438.4,1144322885,3
1015.3,434.1,1144322901,3
1005.7,430.7,1144322917,3
1005.0,424.8,1144322932,3
947.4,379.3,1144322960,3
948.7,388.0,1144322986,3
945.9,390.2,1144323003,3
937.0,370.4,1144323031,3
944.1,391.1,1144323049,3
942.7,361.6,1144323068,3
943.2,330.3,1144323079,3
967.6,314.9,1144323112,3
1130.8,296.5,1144323127,3
1111.3,319.8,1144323143,3
1145.2,409.6,1144323154,3
1037.0,452.9,1144323164,3
1068.2,436.4,1144323180,3
1067.2,436.9,1144323196,3
1020.4,476.5,1144323209,3
1044.9,473.8,1144323225,3
1076.7,454.4,1144323270,3
1084.1,438.3,1144323293,3
1051.8,390.7,1144323307,3
1039.9,417.4,1144323321,3
1048.3,426.4,1144323338,3
1013.1,503.3,1144323351,3
1015.6,479.0,1144323367,3
1017.9,466.5,1144323385,3
1022.6,459.7,1144323424,3
1020.5,501.9,1144323433,3
1046.7,496.2,1144323449,3
1088.9,457.2,1144323466,3
1095.2,461.9,1144323495,3
1162.6,426.6,1144323511,3
1123.7,455.2,1144323525,3
1175.0,437.9,1144323556,3
1141.5,438.1,1144323568,3
1137.7,417.8,1144323583,3
1143.8,417.1,1144323600,3
1082.8,397.7,1144323613,3
1058.4,384.2,1144323628,3
1028.9,367.4,1144323645,3
1010.4,358.7,1144323658,3
975.2,319.4,1144323675,3
956.6,342.2,1144323711,3
944.8,327.6,1144323727,3
941.5,315.0,1144323744,3
917.2,328.1,1144323757,3
918.0,329.7,1144323772,3
920.7,333.0,1144323788,3
894.2,334.7,1144323801,3
913.8,330.3,1144323816,3
915.4,338.3,1144323834,3
1020.9,356.1,1144323861,3
1036.0,365.4,1144323874,3
1124.2,352.2,1144327913,4
1052.9,332.3,1144327926,4
1046.6,304.4,1144327943,4
1009.5,229.3,1144327967,4
989.9,237.0,1144327980,4
958.3,232.5,1144327996,4
987.7,231.8,1144328012,4
988.5,186.4,1144328077,4
1007.7,201.5,1144328082,4
1010.7,202.1,1144328094,4
1015.9,219.6,1144328124,4
1021.9,207.3,1144328139,4
1016.2,196.0,1144328171,4
999.9,193.0,1144328198,4
920.8,182.1,1144328214,4
934.1,216.8,1144328230,4
938.9,220.8,1144328259,4
1009.7,289.9,1144328274,4
1032.0,302.0,1144328304,4
1036.7,303.5,1144328320,4
1000.4,244.6,1144328350,4
1001.5,246.9,1144328365,4
1027.6, 67.5,1144328416,4
987.3, 84.7,1144328449,4
 31.4,112.8,1144328761,4
1053.8,229.1,1144328779,4
1053.8,229.1,1144328808,4
596.0,122.4,1144328824,4
813.1, 95.2,1144328837,4
938.3, 83.1,1144328852,4
848.1,132.8,1144328870,4
741.1,270.3,1144328886,4
796.4,269.2,1144328898,4
786.1,271.3,1144328917,4
851.8,277.3,1144328929,4
856.0,425.1,1144328960,4
869.2,405.4,1144328973,4
892.4,316.5,1144328987,4
836.2,383.2,1144329006,4
856.3,343.0,1144329019,4
869.4,319.5,1144329034,4
853.6,336.6,1144329050,4
825.1,331.8,1144329064,4
797.4,305.0,1144329079,4
816.5,309.6,1144329110,4
813.0,316.4,1144329124,4
816.9,311.6,1144329141,4
817.4,311.5,1144329153,4
813.5,309.6,1144329172,4
799.5,314.9,1144329187,4
798.4,311.3,1144329199,4
796.6,305.4,1144329215,4
789.3,273.3,1144329231,4
785.8,252.3,1144329261,4
790.3,254.1,1144329274,4
817.9,299.0,1144329288,4
776.5,223.0,1144329301,4
730.4,139.4,1144329319,4
733.7,167.1,1144329335,4
693.2,131.5,1144329347,4
710.3,158.3,1144329363,4
697.4,138.6,1144329379,4
726.2,207.2,1144329409,4
788.2,289.0,1144329423,4
835.1,363.9,1144329436,4
797.6,335.4,1144329455,4
850.1,401.3,1144329470,4
752.3,157.0,1144329481,4
778.0,189.9,1144329499,4
807.7,243.1,1144329513,4
772.0,161.1,1144329527,4
788.9,187.2,1144329558,4
817.7,245.3,1144329572,4
945.2,259.3,1144329590,4
861.9,267.6,1144329601,4
859.8,240.9,1144329620,4
854.8,227.1,1144329637,4
890.7,227.5,1144329649,4
912.3,222.4,1144329663,4
915.9,219.1,1144329680,4
884.4,234.7,1144329727,4
886.9,280.8,1144329752,4
1018.7,461.9,1144329770,4
1080.9,435.3,1144329799,4
1100.9,464.6,1144329815,4
1083.8,515.5,1144329860,4
1057.5,503.1,1144329871,4
1061.4,511.7,1144329891,4
1093.2,506.0,1144329907,4
1019.6,475.1,1144329917,4
1044.5,494.4,1144329934,4
1147.8,561.1,1144329949,4
1129.2,550.2,1144329980,4
987.0,364.8,1144330010,4
1041.7,417.6,1144330024,4
977.9,355.2,1144330039,4
966.9,372.4,1144330056,4
984.1,399.7,1144330070,4
1138.4,476.2,1144330084,4
1128.0,490.1,1144330098,4
1114.7,492.1,1144330113,4
1175.5,545.3,1144330130,4
1194.0,559.7,1144330161,4
1215.4,561.6,1144330177,4
1190.0,557.2,1144330190,4
1165.2,556.2,1144330205,4
1208.8,582.0,1144330219,4
1182.9,576.1,1144330232,4
1092.5,525.2,1144330248,4
1126.8,526.6,1144330265,4
1069.9,513.2,1144330279,4
1077.7,506.8,1144330310,4
1059.3,468.6,1144330322,4
1159.6,484.0,1144330339,4
1189.5,543.5,1144330355,4
1133.1,536.5,1144330369,4
1142.5,552.5,1144330384,4
1149.9,558.3,1144330413,4
1126.3,570.9,1144330430,4
1076.6,547.5,1144330472,4
1162.7,506.4,1144330489,4
1133.4,527.3,1144330501,4
1092.0,460.7,1144330523,4
1161.8,439.8,1144330538,4
1192.9,435.7,1144330553,4
1161.9,443.4,1144330567,4
1193.3,434.3,1144330586,4
1128.6,459.6,1144330610,4
1092.0,472.5,1144330627,4
1097.8,473.6,1144330641,4
1097.4,488.7,1144330654,4
1097.4,492.6,1144330672,4
1098.0,468.6,1144330683,4
1091.7,461.9,1144330699,4
1099.3,460.6,1144330716,4
1135.4,476.1,1144330728,4
1153.2,483.2,1144330762,4
1245.6,523.2,1144330776,4
1240.6,518.8,1144330788,4
1210.0,497.9,1144330805,4
1249.9,536.2,1144330818,4
1163.9,429.7,1144330833,4
1185.5,475.2,1144330850,4
1200.1,503.0,1144330863,4
1196.8,528.3,1144330883,4
1191.2,541.6,1144330907,4
1144.1,538.0,1144330925,4
1163.6,541.0,1144330944,4
1179.7,552.3,1144330958,4
1191.3,581.4,1144330972,4
1164.1,646.4,1144330989,4
1168.5,669.1,1144331006,4
1212.1,727.5,1144331022,4
1226.8,760.4,1144331041,4
1211.6,721.9,1144331076,4
1215.3,723.3,1144331089,4
1167.9,678.0,1144331104,4
1164.9,687.7,1144331126,4
1154.8,682.7,1144331137,4
1126.1,707.7,1144331147,4
1125.6,708.2,1144331162,4
1150.1,714.1,1144331172,4
1152.0,685.8,1144331206,4
1155.8,683.7,1144331217,4
1164.3,663.1,1144331235,4
1168.8,647.2,1144331250,4
1217.6,634.0,1144331263,4
1202.7,644.2,1144331280,4
1236.0,697.1,1144331298,4
1256.4,693.6,1144331307,4
1277.0,679.8,1144331325,4
1257.6,674.0,1144331354,4
1201.5,685.4,1144331369,4
1196.7,674.5,1144331386,4
1194.4,668.0,1144331397,4
1158.3,648.1,1144331415,4
1124.2,641.4,1144331432,4
1119.0,620.8,1144331442,4
1180.1,644.3,1144331459,4
1271.0,682.9,1144331474,4
1334.3,694.9,1144331505,4
1303.6,669.4,1144331519,4
1247.2,591.8,1144331532,4
1201.3,546.3,1144331549,4
1244.1,535.7,1144331565,4
1230.5,558.4,1144331577,4
1195.2,547.9,1144331594,4
1184.9,545.5,1144331611,4
1200.0,530.2,1144331624,4
1184.2,525.4,1144331657,4
1189.2,506.0,1144331668,4
987.2,430.6,1144331684,4
1017.7,431.9,1144331701,4
1024.1,441.4,1144331712,4
993.0,461.0,1144331730,4
988.9,463.9,1144331745,4
1065.6,498.8,1144331758,4
1131.8,516.7,1144331774,4
1186.7,554.0,1144331806,4
1147.2,518.5,1144331818,4
1168.7,530.1,1144331835,4
1186.7,542.4,1144331848,4
1145.3,535.6,1144331862,4
1171.3,550.2,1144331880,4
1148.4,542.4,1144331893,4
1130.6,546.0,1144331908,4
1146.9,554.6,1144331924,4
1135.6,564.3,1144331954,4
1150.0,571.4,1144331970,4
1183.8,587.6,1144331984,4
1203.9,586.9,1144331998,4
1197.8,581.8,1144332014,4
1217.9,586.0,1144332029,4
1325.2,609.5,1144332043,4
1283.9,582.0,1144332060,4
1349.5,602.0,1144332075,4
1379.5,610.7,1144332104,4
1382.4,616.3,1144332118,4
1113.5,520.8,1144332136,4
1140.0,533.3,1144332154,4
1177.1,561.8,1144332167,4
1147.9,551.8,1144332184,4
1221.6,557.5,1144332201,4
1196.3,540.2,1144332214,4
1286.0,556.5,1144332229,4
1329.7,584.6,1144332258,4
1315.9,565.5,1144332272,4
1198.6,567.6,1144332291,4
1189.4,574.4,1144332304,4
1104.9,569.2,1144332316,4
1130.2,584.0,1144332335,4
1136.6,604.5,1144332347,4
1129.6,624.2,1144332364,4
1134.0,627.8,1144332380,4
1178.5,652.9,1144332408,4
1232.3,678.4,1144332427,4
1227.5,664.5,1144332441,4
1182.9,673.8,1144332453,4
1184.1,669.3,1144332470,4
1181.3,668.5,1144332482,4
1148.0,659.6,1144332495,4
1163.6,659.5,1144332516,4
1161.4,659.0,1144332530,4
1227.6,650.0,1144332561,4
1312.9,650.2,1144332573,4
1360.4,633.3,1144332587,4
1173.6,602.8,1144332604,4
1161.4,601.9,1144332618,4
1115.8,600.8,1144332631,4
1117.1,601.2,1144332653,4
1139.2,594.7,1144332665,4
1156.7,482.3,1144332678,4
1065.4,366.1,1144332705,4
1041.0,384.0,1144332720,4
1052.7,405.8,1144332740,4
1065.9,379.4,1144332756,4
1038.5,420.0,1144332768,4
1026.9,388.8,1144332784,4
959.9,489.0,1144332796,4
986.7,480.3,1144332812,4
958.2,490.4,1144332830,4
968.3,482.5,1144332877,4
955.0,495.8,1144332888,4
943.4,509.0,1144332919,4
944.9,508.6,1144332931,4
948.4,503.2,1144332947,4
1097.4,525.6,1144333010,4
1110.1,538.5,1144333023,4
1132.6,605.0,1144333043,4
1129.7,597.1,1144333056,4
1140.5,609.0,1144333069,4
1023.9,527.6,1144333102,4
942.5,472.5,1144333170,4
938.6,482.6,1144333187,4
816.7,443.1,1144333217,4
797.7,473.5,1144333232,4
805.0,484.7,1144333262,4
810.2,514.9,1144333309,4
829.2,545.8,1144333334,4
939.6,652.5,1144333353,4
1027.5,648.1,1144333371,4
1025.6,673.2,1144333401,4
1066.0,669.3,1144333416,4
982.1,703.2,1144333460,4
1022.8,535.7,1144333490,4
1012.8,534.4,1144333508,4
940.0,459.2,1144333532,4
925.6,427.6,1144333549,4
943.0,384.2,1144333580,4
781.6,158.0,1144333622,4
793.3,125.4,1144333639,4
782.7,117.2,1144333672,4
783.6,148.5,1144333688,4
780.3,103.5,1144333715,4
774.2, 90.1,1144333730,4
747.0, 60.1,1144333763,4
775.9, 96.7,1144333778,4
758.4, 72.5,1144333793,4
884.8,212.1,1144333804,4
905.7,254.9,1144333816,4
1126.8,575.5,1144333844,4
1132.7,484.1,1144333859,4
1151.3,587.1,1144333905,4
1196.5, 81.9,1144334224,4
1196.5, 81.9,1144334251,4
1253.9, 97.2,1144334269,4
1327.8,114.8,1144334286,4
1247.8, 78.7,1144334300,4
1265.4,128.1,1144334318,4
1133.1,171.9,1144334334,4
1105.4,306.3,1144334364,4
1016.9,389.4,1144334375,4
1050.0,408.9,1144334387,4
1083.7,409.2,1144334401,4
1050.7,404.2,1144334413,4
1046.3,461.4,1144334429,4
1134.2,471.4,1144334446,4
1142.3,455.9,1144334474,4
1096.2,475.4,1144334526,4
1119.8,475.7,1144334542,4
1113.2,475.1,1144334556,4
1115.7,475.8,1144334572,4
1104.8,474.4,1144334589,4
1045.4,470.2,1144334602,4
1047.5,476.9,1144334618,4
1059.6,483.8,1144334636,4
1065.9,499.6,1144334661,4
1076.3,526.9,1144334677,4
1092.8,537.3,1144334700,4
1093.5,541.0,1144334716,4
1075.5,579.4,1144334727,4
1066.4,599.1,1144334744,4
1066.4,600.2,1144334760,4
1041.2,609.8,1144334773,4
1023.2,626.0,1144334811,4
1001.0,628.7,1144334826,4
1019.3,636.3,1144334841,4
1040.5,632.4,1144334860,4
1070.7,624.8,1144334887,4
1084.1,606.4,1144334898,4
1055.0,616.0,1144334907,4
1068.7,604.7,1144334924,4
943.4,641.6,1144334952,4
1013.3,607.6,1144334969,4
993.5,616.1,1144334985,4
1021.8,598.6,1144335015,4
1071.7,571.4,1144335032,4
1081.0,569.6,1144335066,4
1069.4,575.4,1144335083,4
1090.4,560.4,1144335110,4
1096.1,552.7,1144335127,4
945.2,358.3,1144335153,4
897.9,239.5,1144335170,4
887.9,224.6,1144335183,4
941.4,271.3,1144335203,4
934.6,265.5,1144335221,4
1029.1,379.2,1144335262,4
1042.1,395.0,1144335283,4
1031.3,351.8,1144335299,4
954.8,250.6,1144335312,4
897.3,182.1,1144335328,4
1002.6,230.9,1144335344,4
895.0,134.5,1144335372,4
794.1, 44.5,1144335419,4
804.4, 59.1,1144335435,4
951.7,220.4,1144335463,4
1032.5,276.7,1144335480,4
954.4,177.2,1144335494,4
951.3,171.5,1144335509,4
1134.4,339.8,1144335526,4
1190.5,388.9,1144335555,4
1248.9,399.3,1144335570,4
1192.8,398.4,1144335583,4
1207.5,413.5,1144335599,4
1138.1,431.3,1144335615,4
1121.1,442.3,1144335629,4
1094.9,462.9,1144335644,4
1090.7,466.1,1144335660,4
1071.1,493.7,1144335676,4
1035.2,508.1,1144335705,4
1016.6,533.9,1144335718,4
1008.1,564.7,1144335734,4
1024.2,577.8,1144335750,4
1020.6,579.9,1144335764,4
996.7,609.5,1144335779,4
984.7,612.2,1144335794,4
1087.1,606.9,1144335809,4
1202.1,601.7,1144335824,4
1167.0,602.2,1144335861,4
1163.8,599.7,1144335876,4
1176.9,606.6,1144335892,4
1205.8,609.2,1144335908,4
1128.8,612.0,1144335924,4
1115.2,613.8,1144335935,4
1164.0,624.4,1144335943,4
1148.3,639.3,1144335959,4
1134.3,642.0,1144335975,4
1109.3,675.1,1144336021,4
1183.8,680.3,1144336033,4
1108.6,646.8,1144336065,4
1155.6,650.3,1144336075,4
1163.2,633.6,1144336110,4
1124.9,622.5,1144336121,4
1117.8,605.2,1144336155,4
1114.2,592.8,1144336168,4
1079.0,545.1,1144336183,4
1105.2,541.3,1144336200,4
1103.0,545.3,1144336213,4
1053.9,531.3,1144336228,4
1049.5,546.8,1144336245,4
1130.3,589.0,1144336258,4
1084.7,582.8,1144336302,4
1171.8,649.0,1144336322,4
1131.3,698.7,1144336337,4
1105.5,700.1,1144336348,4
1099.5,699.5,1144336381,4
1074.8,706.5,1144336391,4
1040.0,711.2,1144336409,4
1018.2,711.0,1144336425,4
939.9,731.9,1144336472,4
917.2,721.0,1144336486,4
993.7,717.8,1144336521,4
1136.1,714.1,1144336535,4
1134.0,714.2,1144336551,4
1117.8,718.6,1144336566,4
1122.3,716.7,1144336608,4
920.9,750.1,1144336635,4
925.6,749.4,1144336651,4
946.8,747.1,1144336695,4
1173.7,676.8,1144336930,4
931.1,705.8,1144336943,4
931.1,705.8,1144336959,4
1105.6,702.3,1144336975,4
1084.7,694.3,1144337003,4
1076.8,685.1,1144337020,4
1034.8,759.2,1144337035,4
1131.5,683.3,1144337063,4
1138.0,662.7,1144337082,4
1107.9,679.9,1144337095,4
1105.3,677.7,1144337107,4
1145.2,637.2,1144337130,4
1182.3,606.8,1144337148,4
1103.4,599.0,1144337156,4
1097.1,566.8,1144337174,4
1095.2,562.7,1144337202,4
1101.6,535.1,1144337221,4
1141.7,486.8,1144337241,4
1136.2,478.5,1144337255,4
1156.2,433.9,1144337271,4
1172.8,434.8,1144337287,4
1120.8,403.8,1144337298,4
1118.2,392.3,1144337315,4
1142.8,402.1,1144337328,4
1186.0,418.3,1144337354,4
1178.8,398.5,1144337372,4
1177.4,413.7,1144337381,4
1164.1,393.5,1144337399,4
1149.0,407.5,1144337415,4
1155.7,410.0,1144337428,4
1145.6,411.0,1144337454,4
1146.3,423.1,1144337472,4
1142.9,438.2,1144337491,4
1171.6,451.8,1144337524,4
1143.5,439.7,1144337539,4
1133.8,438.7,1144337555,4
1050.1,395.0,1144337570,4
1043.5,394.1,1144337583,4
1123.4,462.4,1144337596,4
1083.3,421.7,1144337625,4
1034.4,413.1,1144337654,4
1045.7,422.6,1144337669,4
1143.5,470.3,1144337685,4
1140.6,465.0,1144337698,4
1097.1,356.4,1144337714,4
1182.7,442.5,1144337731,4
1161.2,416.4,1144337742,4
1122.7,410.3,1144337758,4
1154.3,429.8,1144337775,4
1183.5,456.6,1144337805,4
1208.0,475.4,1144337821,4
1133.6,433.9,1144337835,4
1160.6,457.7,1144337851,4
1204.1,475.2,1144337867,4
1183.5,461.2,1144337880,4
1147.5,431.9,1144337895,4
1188.6,460.2,1144337910,4
1147.7,426.8,1144337926,4
1191.9,458.5,1144337957,4
1111.0,368.2,1144337970,4
1098.9,308.9,1144337985,4
1149.5,389.3,1144338000,4
1034.3,329.0,1144338013,4
1077.8,364.3,1144338029,4
1121.9,390.9,1144338046,4
1102.3,349.6,1144338060,4
1072.0,308.2,1144338075,4
1091.1,322.1,1144338105,4
1039.5,310.2,1144338120,4
1036.3,311.0,1144338143,4
1056.5,348.7,1144338163,4
1064.4,370.2,1144338181,4
1015.8,376.4,1144338197,4
1042.1,372.9,1144338210,4
1025.1,352.7,1144338230,4
1206.7,481.9,1144338500,4
963.2,499.4,1144338575,4
861.3,433.9,1144338590,4
865.7,422.6,1144338604,4
893.0,337.8,1144338620,4
969.6,350.3,1144338637,4
940.1,339.3,1144338650,4
969.2,321.7,1144338667,4
1018.5,336.3,1144338688,4
1034.6,330.7,1144338727,4
1017.2,361.4,1144338746,4
1035.5,380.5,1144338765,4
1036.1,380.8,1144338788,4
1063.9,403.8,1144338806,4
1092.4,421.9,1144338826,4
1109.9,437.6,1144338843,4
1089.8,447.7,1144338875,4
1073.4,470.2,1144338891,4
1104.5,459.9,1144338911,4
1066.8,445.6,1144338928,4
1081.3,446.2,1144338946,4
1097.8,449.2,1144338966,4
989.9,463.4,1144338984,4
1025.0,480.6,1144339005,4
1082.2,486.4,1144339021,4
1128.1,524.0,1144339036,4
1126.2,523.5,1144339049,4
1125.9,523.9,1144339063,4
1083.9,534.6,1144339080,4
1049.3,539.1,1144339094,4
1078.9,539.8,1144339110,4
1085.6,545.1,1144339125,4
1046.8,553.1,1144339172,4
1058.4,557.0,1144339183,4
1091.9,566.0,1144339200,4
1080.3,558.7,1144339215,4
1202.6,581.5,1144339229,4
1187.6,580.3,1144339243,4
1208.2,585.2,1144339261,4
1224.0,587.7,1144339275,4
1228.2,605.0,1144339306,4
1218.6,619.2,1144339317,4
1214.8,628.9,1144339333,4
1192.1,643.4,1144339350,4
1205.2,634.6,1144339363,4
1167.8,645.8,1144339379,4
1173.3,645.6,1144339395,4
1143.6,594.9,1144339407,4
1150.2,606.3,1144339424,4
1139.3,576.6,1144339455,4
1155.8,572.2,1144339470,4
1172.8,572.3,1144339486,4
1167.0,571.4,1144339497,4
1179.3,573.1,1144339514,4
1190.8,599.0,1144339530,4
1192.0,606.2,1144339540,4
1152.5,597.7,1144339557,4
1127.0,552.1,1144339575,4
1161.9,554.5,1144339605,4
1166.0,546.2,1144339621,4
1173.6,529.5,1144339635,4
1153.5,524.6,1144339649,4
1156.5,500.1,1144339665,4
1108.1,459.7,1144339677,4
1099.2,450.2,1144339693,4
1123.6,494.4,1144339710,4
1166.8,529.1,1144339722,4
1159.6,536.0,1144339764,4
1161.7,545.7,1144339776,4
1118.3,564.0,1144339789,4
1131.5,578.5,1144339805,4
1136.7,578.0,1144339815,4
1126.8,580.7,1144339829,4
1116.8,585.9,1144339845,4
1121.0,590.2,1144339856,4
1079.4,555.6,1144339873,4
1085.3,560.0,1144339904,4
1103.6,563.9,1144339918,4
1207.4,624.1,1144339934,4
1219.1,631.0,1144339946,4
1200.6,618.3,1144339962,4
1224.7,620.3,1144339977,4
1221.8,602.4,1144340015,4
1221.7,598.8,1144340032,4
1217.4,594.2,1144340058,4
1109.2,547.1,1144340078,4
1082.9,552.6,1144340090,4
1079.8,557.7,1144340104,4
1105.5,571.9,1144340121,4
1117.3,593.9,1144340134,4
1143.2,594.1,1144340148,4
1147.7,592.4,1144340165,4
1132.8,581.5,1144340180,4
1142.1,551.0,1144340212,4
1146.8,577.1,1144340223,4
1138.5,564.2,1144340236,4
1133.2,553.7,1144340255,4
1123.3,546.1,1144340265,4
1128.9,551.1,1144340284,4
1120.6,543.9,1144340302,4
1144.1,566.4,1144340315,4
1175.1,594.9,1144340330,4
1182.7,616.7,1144340390,4
1022.6,507.9,1144340432,4
1011.1,521.1,1144340479,4
991.5,569.0,1144340522,4
1000.8,562.1,1144340568,4
1009.0,410.9,1144340597,4
996.7,364.5,1144340614,4
922.7,308.0,1144340628,4
1087.4,430.4,1144340659,4
1131.9,447.5,1144340670,4
1150.3,478.7,1144340687,4
1129.4,469.8,1144340706,4
413.6,477.9,1144341018,4
950.6,505.6,1144341154,4
950.6,505.6,1144341182,4
988.6,489.4,1144341199,4
1019.5,476.3,1144341230,4
1003.3,448.8,1144341283,4
1000.3,481.9,1144341311,4
1054.6,500.5,1144341334,4
1035.4,482.9,1144341347,4
1044.5,493.1,1144341363,4
1001.7,441.5,1144341390,4
1016.9,428.1,1144341416,4
1113.6,492.7,1144341430,4
1088.6,470.0,1144341443,4
1093.0,462.2,1144341461,4
1120.4,448.9,1144341478,4
1088.8,433.1,1144341491,4
1095.0,412.5,1144341506,4
1102.7,414.7,1144341522,4
1050.6,411.2,1144341537,4
1060.5,412.2,1144341566,4
1034.9,410.1,1144341580,4
1080.2,418.8,1144341595,4
1114.1,415.9,1144341612,4
1131.4,414.2,1144341645,4
1133.7,422.5,1144341662,4
1108.0,427.2,1144341675,4
1112.1,444.4,1144341684,4
1041.4,491.6,1144341703,4
1061.2,470.1,1144341719,4
1074.6,458.2,1144341735,4
1009.7,456.6,1144341749,4
1059.0,452.0,1144341764,4
1081.9,445.1,1144341780,4
1055.5,451.8,1144341793,4
1058.7,458.9,1144341809,4
1063.3,469.0,1144341825,4
1104.2,506.7,1144341855,4
1102.9,509.4,1144341872,4
1020.8,573.7,1144341883,4
1086.0,527.5,1144341899,4
1098.8,541.8,1144341917,4
1067.4,552.3,1144341927,4
1056.6,559.3,1144341944,4
1073.0,555.5,1144341960,4
1096.7,556.2,1144342015,4
1108.8,544.9,1144342048,4
1108.4,548.1,1144342069,4
1099.5,558.4,1144342100,4
1096.0,561.8,1144342134,4
1080.0,554.0,1144342176,4
1077.4,552.4,1144342191,4
1104.8,525.7,1144342222,4
1105.5,502.4,1144342241,4
1113.9,482.1,1144342264,4
1133.4,486.6,1144342274,4
1125.3,443.9,1144342304,4
1127.8,455.0,1144342319,4
1121.8,445.0,1144342348,4
1092.8,397.7,1144342368,4
1055.3,359.4,1144342398,4
1054.4,358.4,1144342414,4
1052.9,359.4,1144342426,4
1066.0,416.5,1144342460,4
1070.7,427.0,1144342488,4
1076.8,431.3,1144342505,4
1089.2,426.7,1144342532,4
1088.6,428.6,1144342551,4
1088.9,429.0,1144342563,4
1059.8,302.1,1144342579,4
1056.1,265.0,1144342625,4
1070.1,292.0,1144342640,4
1055.6,279.3,1144342670,4
933.0,142.1,1144342685,4
1093.1,331.2,1144342730,4
1308.3,507.2,1144342775,4
1274.2,482.3,1144342789,4
1173.9,385.3,1144342803,4
1212.5,438.7,1144342819,4
1235.9,473.5,1144342847,4
1150.7,393.3,1144342864,4
1188.1,391.8,1144342905,4
1284.6,444.1,1144342948,4
1305.8,468.6,1144342960,4
1167.3,482.4,1144342993,4
992.5,402.3,1144343088,4
992.5,402.3,1144343102,4
1122.0,350.5,1144343134,4
1015.2,301.9,1144343147,4
1059.2,341.9,1144343181,4
1022.8,330.8,1144343210,4
1041.8,345.1,1144343225,4
989.5,298.2,1144343253,4
1061.7,348.7,1144343270,4
1154.9,419.9,1144343299,4
1166.9,432.8,1144343315,4
1240.7,503.1,1144343360,4
1243.2,505.0,1144343388,4
1067.8,290.7,1144343405,4
1001.1,192.7,1144343436,4
996.1,197.6,1144343449,4
982.0,177.2,1144343461,4
954.0,146.8,1144343480,4
941.7,149.7,1144343522,4
1114.4,352.4,1144343542,4
1082.0,321.8,1144343554,4
1096.2,315.8,1144343568,4
1079.3,430.2,1144343587,4
1160.8,465.4,1144343599,4
1163.9,444.6,1144343614,4
1144.9,433.8,1144343630,4
1140.3,399.3,1144343654,4
1149.0,424.5,1144343667,4
1171.8,399.5,1144343681,4
1150.3,365.1,1144343697,4
1203.1,482.6,1144343715,4
1203.4,490.5,1144343728,4
1221.4,531.2,1144343742,4
1241.4,557.0,1144343759,4
1239.3,560.2,1144343783,4
1234.0,581.2,1144343814,4
1246.5,589.2,1144343826,4
1245.1,596.2,1144343835,4
1248.4,624.7,1144343849,4
1243.8,636.9,1144343862,4
1144.6,639.1,1144343879,4
