1021.3,180.4,1143188893,1
1037.3,278.6,1143188906,1
1037.0,205.8,1143188924,1
1037.3,247.2,1143188941,1
1037.7,223.7,1143188951,1
1038.7,211.4,1143188966,1
1035.9,251.9,1143188983,1
1053.6,289.6,1143188997,1
1052.4,291.2,1143189030,1
1056.3,327.4,1143189042,1
1127.2,148.1,1143189059,1
1108.8,202.5,1143189076,1
1118.8,224.4,1143189087,1
1125.3,212.0,1143189103,1
1128.7,318.2,1143189120,1
1106.7,467.4,1143189131,1
1100.5,503.7,1143189147,1
1095.2,568.6,1143189177,1
1097.2,528.1,1143189210,1
1100.9,333.7,1143189220,1
1104.0,351.1,1143189236,1
1076.8,334.1,1143189252,1
1082.3,330.9,1143189266,1
1088.8,323.7,1143189280,1
1066.5,384.6,1143189296,1
1046.1,455.5,1143189327,1
1047.4,455.0,1143189343,1
1035.7,496.7,1143189354,1
1032.6,486.2,1143189370,1
1061.8,429.4,1143189386,1
1042.9,543.6,1143189399,1
1056.5,527.2,1143189415,1
1064.2,492.4,1143189432,1
1077.0,417.9,1143189481,1
1070.3,394.5,1143189506,1
1056.2,409.7,1143189522,1
1054.8,513.4,1143189536,1
1051.6,586.8,1143189550,1
1054.6,557.1,1143189567,1
1054.8,554.6,1143189581,1
1043.0,477.9,1143189595,1
1040.6,480.6,1143189626,1
1040.1,427.2,1143189641,1
1039.8,405.1,1143189658,1
1031.4,429.7,1143189670,1
1026.1,452.5,1143189685,1
1023.9,522.8,1143189702,1
1026.5,498.9,1143189715,1
1022.3,483.0,1143189731,1
1024.9,501.7,1143189748,1
1000.6,411.8,1143189776,1
1012.1,441.7,1143189792,1
1020.8,452.8,1143189805,1
1013.9,431.7,1143189820,1
1024.3,459.2,1143189837,1
1021.5,450.7,1143189849,1
1009.0,417.4,1143189868,1
1022.8,453.3,1143189884,1
1004.8,401.9,1143189899,1
1001.4,445.9,1143189928,1
997.9,437.3,1143189940,1
964.5,359.1,1143189955,1
963.9,358.6,1143189972,1
976.4,427.2,1143189985,1
973.0,425.0,1143190000,1
976.5,444.4,1143190017,1
968.1,475.1,1143190036,1
958.2,425.9,1143190053,1
965.5,485.9,1143190084,1
963.3,459.5,1143190100,1
968.1,499.8,1143190118,1
972.5,487.5,1143190136,1
984.5,468.2,1143190147,1
999.0,491.8,1143190160,1
1005.8,489.1,1143190169,1
995.9,445.4,1143190182,1
1013.2,471.4,1143190200,1
1032.8,476.3,1143190230,1
1083.4,501.3,1143190244,1
1117.7,516.2,1143190255,1
1114.9,496.3,1143190270,1
1106.2,473.4,1143190287,1
1108.2,516.7,1143190300,1
1104.5,537.5,1143190316,1
1122.5,591.2,1143190333,1
1125.9,614.9,1143190346,1
1106.5,589.2,1143190381,1
1128.5,627.8,1143190391,1
1148.6,666.4,1143190405,1
1105.7,578.0,1143190422,1
1132.3,625.8,1143190436,1
1133.3,632.4,1143190450,1
1097.8,606.1,1143190467,1
1099.0,620.8,1143190479,1
1082.3,577.6,1143190495,1
1085.2,587.1,1143190544,1
1097.6,597.4,1143190566,1
1101.2,579.2,1143190583,1
1124.4,554.2,1143190599,1
1126.6,571.4,1143190623,1
1096.7,478.4,1143190639,1
1083.2,434.7,1143190656,1
1089.0,452.2,1143190687,1
1105.7,508.1,1143190698,1
1097.4,471.3,1143190709,1
1147.2,581.8,1143190723,1
1140.0,570.8,1143190741,1
1151.3,595.7,1143190751,1
1166.3,618.7,1143190765,1
1157.8,588.8,1143190785,1
1156.5,588.1,1143190797,1
1156.9,615.3,1143190828,1
1146.2,599.4,1143190839,1
1148.9,664.3,1143190857,1
1156.3,677.3,1143190873,1
1161.1,685.5,1143190884,1
1136.7,612.6,1143190903,1
1152.0,631.8,1143190918,1
1144.5,624.1,1143190930,1
1138.8,619.2,1143190947,1
1117.9,587.9,1143190976,1
1116.8,568.7,1143190992,1
1153.2,623.4,1143191009,1
1145.9,617.6,1143191020,1
1171.1,652.5,1143191035,1
1121.1,584.3,1143191066,1
1083.5,529.2,1143191081,1
1052.2,484.2,1143191097,1
1053.6,489.2,1143191127,1
1128.4,613.5,1143191144,1
1109.1,559.0,1143191154,1
1125.7,591.3,1143191172,1
1147.2,609.9,1143191189,1
1154.6,616.8,1143191200,1
1147.1,598.2,1143191218,1
1165.0,632.4,1143191233,1
1155.6,611.6,1143191246,1
1164.2,639.6,1143191281,1
1145.3,600.2,1143191291,1
1075.3,382.4,1143191305,1
1092.8,426.5,1143191323,1
1066.9,366.7,1143191338,1
1058.1,405.0,1143191352,1
1055.5,476.4,1143191367,1
1052.6,526.5,1143191381,1
1050.5,554.5,1143191397,1
1033.4,566.4,1143191426,1
1028.6,560.0,1143191440,1
1050.6,533.9,1143191458,1
1050.8,530.0,1143191470,1
1144.6,491.9,1143191486,1
1152.0,491.9,1143191504,1
1110.5,492.8,1143191514,1
1146.3,482.3,1143191547,1
1123.9,396.8,1143191584,1
1123.8,420.1,1143191602,1
1187.6,665.2,1143191618,1
1165.2,623.1,1143191633,1
1133.8,592.2,1143191646,1
1090.2,643.5,1143191656,1
1089.8,574.6,1143191667,1
1082.1,568.1,1143191683,1
1075.1,627.1,1143191696,1
1063.1,639.4,1143191730,1
1061.1,655.0,1143191739,1
1063.9,633.7,1143191756,1
1064.5,580.1,1143191772,1
1072.2,606.2,1143191785,1
1068.7,536.1,1143191801,1
1067.3,542.2,1143191818,1
1068.1,573.7,1143191830,1
1065.2,558.2,1143191845,1
1061.7,599.6,1143191877,1
1054.9,565.8,1143191892,1
1055.1,565.1,1143191909,1
1045.3,618.8,1143191921,1
1045.3,581.3,1143191935,1
1044.7,560.6,1143191957,1
1044.1,605.7,1143191966,1
1044.8,588.5,1143191980,1
1044.9,586.7,1143191998,1
1045.4,599.0,1143192026,1
1043.3,594.3,1143192042,1
1043.5,637.2,1143192054,1
1043.1,631.6,1143192071,1
1038.9,597.7,1143192088,1
1031.3,633.4,1143192099,1
1036.6,631.7,1143192116,1
1037.4,608.9,1143192132,1
1035.9,630.1,1143192145,1
1033.3,635.6,1143192178,1
1022.3,427.0,1143192206,1
1022.0,450.6,1143192223,1
1043.3,543.0,1143192234,1
1047.7,557.1,1143192250,1
1044.1,534.9,1143192266,1
1047.6,585.3,1143192281,1
1044.9,565.5,1143192296,1
1046.2,597.0,1143192326,1
1040.6,544.1,1143192341,1
1035.5,519.4,1143192357,1
1041.3,584.4,1143192369,1
1023.6,448.2,1143192389,1
1025.1,476.7,1143192403,1
1006.4,432.9,1143192430,1
1011.9,489.3,1143192446,1
969.1,478.0,1143192476,1
974.5,528.1,1143192492,1
968.6,493.5,1143192505,1
954.6,471.8,1143192521,1
1037.4,582.1,1143192535,1
1028.3,551.6,1143192565,1
1028.6,528.9,1143192582,1
1008.4,437.4,1143192595,1
1058.0,592.4,1143192627,1
1037.6,577.4,1143192644,1
1062.0,579.5,1143192661,1
1083.2,589.0,1143192669,1
1099.9,628.1,1143192680,1
1114.0,621.0,1143192697,1
1112.6,614.8,1143192714,1
1095.7,598.7,1143192724,1
1078.3,602.7,1143192741,1
1140.0,674.0,1143192780,1
1108.4,643.4,1143192799,1
1124.6,655.1,1143192814,1
1123.3,650.7,1143192829,1
1091.0,601.2,1143192841,1
1080.4,585.3,1143192859,1
1074.4,569.7,1143192873,1
1077.8,560.5,1143192891,1
1105.5,562.4,1143192907,1
1089.1,553.0,1143192936,1
1105.8,539.6,1143192953,1
1113.6,530.5,1143192969,1
1133.0,522.8,1143192985,1
1131.5,527.2,1143193001,1
1126.1,524.8,1143193011,1
1128.5,526.4,1143193020,1
1143.4,557.6,1143193033,1
1152.6,576.9,1143193046,1
1156.9,584.3,1143193078,1
1133.3,541.3,1143193098,1
1136.4,528.4,1143193116,1
1183.4,599.5,1143193136,1
1178.6,591.4,1143193155,1
1194.1,612.3,1143193189,1
1242.7,672.7,1143193205,1
1139.4,518.3,1143193239,1
1162.4,549.9,1143193261,1
1172.7,605.4,1143193278,1
1178.2,645.8,1143193295,1
1182.9,659.0,1143193314,1
1225.3,666.5,1143193330,1
1175.6,611.0,1143193345,1
1138.4,560.1,1143193365,1
1150.4,545.7,1143193393,1
1187.8,545.7,1143193405,1
1141.3,502.9,1143193421,1
1159.8,474.7,1143193437,1
980.9,286.1,1143193450,1
965.2,269.1,1143193468,1
1011.9,321.4,1143193495,1
910.1,224.3,1143193529,1
913.0,225.0,1143193544,1
915.2,225.6,1143193558,1
902.2,227.9,1143193576,1
898.1,228.5,1143193588,1
935.0,299.8,1143193603,1
980.8,341.2,1143193635,1
998.2,374.3,1143193649,1
1001.7,399.8,1143193677,1
986.9,403.0,1143193693,1
985.2,401.5,1143193723,1
982.1,395.6,1143193737,1
987.4,392.2,1143193767,1
985.0,393.4,1143193783,1
979.4,386.5,1143193827,1
981.4,385.5,1143193845,1
1013.1,341.6,1143193858,1
1015.3,300.3,1143193872,1
1015.5,294.7,1143193903,1
1015.1,297.1,1143193917,1
1002.9,259.4,1143193947,1
980.5,242.8,1143193993,1
967.7,256.3,1143194009,1
954.1,239.3,1143194037,1
950.9,259.3,1143194052,1
966.2,264.1,1143194082,1
967.3,264.5,1143194097,1
977.0,264.0,1143194128,1
978.0,265.2,1143194140,1
883.1,404.3,1143194456,1
1052.4,283.7,1143194471,1
1001.5,319.5,1143194485,1
965.1,342.2,1143194500,1
960.0,335.9,1143194516,1
952.7,333.9,1143194531,1
962.3,352.5,1143194546,1
947.8,342.4,1143194579,1
948.1,343.9,1143194592,1
968.0,380.5,1143194622,1
969.0,380.1,1143194639,1
971.6,380.3,1143194653,1
970.0,384.5,1143194670,1
969.8,386.4,1143194682,1
965.8,386.0,1143194697,1
967.5,365.4,1143194727,1
972.3,348.8,1143194760,1
956.8,375.3,1143194773,1
949.7,389.4,1143194788,1
970.8,433.4,1143194804,1
968.8,405.5,1143194816,1
967.4,389.7,1143194832,1
975.1,448.1,1143194849,1
979.2,469.6,1143194880,1
980.0,480.1,1143194892,1
963.9,408.9,1143194905,1
912.6,506.0,1143194937,1
898.6,531.1,1143194952,1
936.5,549.1,1143194979,1
939.7,481.9,1143194995,1
953.7,494.3,1143195025,1
956.3,443.5,1143195041,1
950.1,445.8,1143195058,1
940.3,384.2,1143195070,1
930.3,361.0,1143195086,1
915.7,329.2,1143195130,1
915.7,384.9,1143195147,1
941.9,399.7,1143195176,1
867.6,498.2,1143195192,1
852.1,552.3,1143195206,1
881.9,485.8,1143195221,1
738.5,636.1,1143195248,1
788.6,549.7,1143195267,1
847.3,525.6,1143195283,1
912.7,637.4,1143195296,1
965.5,592.6,1143195330,1
977.6,544.0,1143195341,1
995.4,590.2,1143195376,1
1011.9,544.3,1143195387,1
994.5,585.6,1143195417,1
997.5,585.6,1143195436,1
995.0,588.9,1143195516,1
1009.9,317.4,1143195546,1
1009.3,383.9,1143195563,1
1010.0,340.8,1143195583,1
1026.6,387.5,1143195600,1
1017.9,376.8,1143195626,1
1042.8,407.6,1143195642,1
1023.2,361.7,1143195670,1
1035.1,378.6,1143195686,1
1017.9,362.6,1143195715,1
1032.8,402.2,1143195740,1
1034.6,431.7,1143195757,1
1023.0,442.2,1143195799,1
1003.8,396.6,1143195812,1
1000.8,431.2,1143195824,1
977.2,358.8,1143195851,1
990.8,439.6,1143195869,1
989.3,444.7,1143195879,1
990.0,436.2,1143195896,1
986.0,472.8,1143195926,1
991.6,408.0,1143195941,1
995.4,472.7,1143195958,1
997.9,447.2,1143195973,1
982.0,432.4,1143195988,1
985.8,441.8,1143196005,1
987.3,466.3,1143196016,1
984.4,458.1,1143196032,1
1026.2,561.6,1143196051,1
1026.1,549.2,1143196077,1
1030.0,567.9,1143196095,1
997.8,465.9,1143196123,1
1029.6,452.6,1143196140,1
1013.4,435.8,1143196166,1
1072.5,470.9,1143196184,1
1044.2,510.0,1143196197,1
1013.9,505.5,1143196230,1
972.8,398.6,1143196255,1
955.8,396.3,1143196273,1
960.2,415.3,1143196285,1
951.2,393.0,1143196301,1
966.6,448.8,1143196319,1
957.8,441.2,1143196345,1
992.9,531.1,1143196377,1
973.1,478.6,1143196392,1
974.1,499.0,1143196409,1
965.2,460.1,1143196424,1
952.4,437.0,1143196437,1
944.6,428.8,1143196455,1
916.7,423.4,1143196482,1
957.0,530.9,1143196498,1
951.3,451.6,1143196527,1
975.3,517.8,1143196544,1
909.0,418.8,1143196907,1
909.0,418.8,1143196936,1
893.8,404.7,1143196977,1
892.7,403.6,1143196993,1
949.1,556.9,1143197008,1
947.4,514.9,1143197023,1
957.3,519.9,1143197040,1
957.5,523.5,1143197051,1
964.2,436.3,1143197067,1
969.5,434.4,1143197086,1
947.6,538.2,1143197097,1
940.0,551.9,1143197129,1
944.7,558.8,1143197142,1
952.5,470.4,1143197158,1
957.1,458.0,1143197176,1
956.8,487.2,1143197187,1
965.6,446.8,1143197205,1
973.7,474.4,1143197219,1
973.0,468.2,1143197232,1
974.1,464.4,1143197250,1
1024.4,588.5,1143197275,1
1005.8,537.7,1143197292,1
1001.6,539.8,1143197311,1
1014.3,579.3,1143197322,1
978.4,464.2,1143197341,1
990.1,486.5,1143197355,1
969.1,407.2,1143197365,1
972.9,375.4,1143197382,1
914.3,207.4,1143197401,1
883.5,115.8,1143197428,1
893.7,133.7,1143197446,1
1048.7,233.1,1143197457,1
1052.9,214.9,1143197473,1
1055.2,104.3,1143197489,1
1045.2,187.3,1143197504,1
1042.1,120.9,1143197519,1
1024.4,170.9,1143197537,1
1000.5,380.1,1143197548,1
1005.0,286.8,1143197582,1
1021.1,230.5,1143197595,1
1022.4,222.4,1143197610,1
1006.2,279.6,1143197628,1
1013.1,247.4,1143197640,1
1006.5,296.0,1143197655,1
1009.8,273.8,1143197671,1
1008.8,288.3,1143197700,1
1067.1,245.5,1143197742,1
1068.0,246.2,1143197761,1
1042.2,277.4,1143197772,1
1013.3,324.9,1143197788,1
1003.8,478.7,1143197806,1
1001.7,469.1,1143197834,1
1008.2,488.6,1143197853,1
999.7,425.1,1143197880,1
997.8,455.7,1143197895,1
1010.6,417.2,1143197923,1
1004.0,496.9,1143197939,1
1003.2,487.1,1143197950,1
1000.2,468.8,1143197966,1
1026.4,590.3,1143197985,1
1033.4,605.1,1143198030,1
1022.2,541.1,1143198040,1
1020.2,512.6,1143198057,1
1039.2,606.6,1143198075,1
1032.3,575.1,1143198085,1
1022.3,525.9,1143198101,1
1028.1,579.6,1143198122,1
1029.2,580.4,1143198132,1
1021.8,553.8,1143198150,1
985.6,403.4,1143198176,1
977.6,367.3,1143198195,1
996.0,499.2,1143198209,1
978.5,362.1,1143198237,1
987.3,466.8,1143198254,1
990.1,498.7,1143198283,1
1006.0,591.2,1143198300,1
985.7,418.4,1143198348,1
987.4,532.4,1143198359,1
989.7,676.8,1143198392,1
1007.2,700.7,1143198403,1
1016.2,708.2,1143198419,1
1010.1,644.9,1143198436,1
1007.2,675.3,1143198447,1
1010.3,666.1,1143198480,1
1011.5,682.1,1143198492,1
1009.8,657.7,1143198570,1
1006.8,654.1,1143198582,1
1003.6,629.3,1143198626,1
998.5,626.9,1143198659,1
998.9,622.8,1143198672,1
1061.2,779.7,1143198689,1
1022.0,699.8,1143198705,1
1035.6,797.7,1143198734,1
1018.9,725.7,1143198752,1
1039.3,759.1,1143198779,1
865.4,748.9,1143199161,1
865.4,748.9,1143199239,1
959.3,707.1,1143199261,1
1035.6,679.4,1143199280,1
947.5,724.9,1143199296,1
992.3,676.7,1143199306,1
960.8,703.6,1143199317,1
968.4,730.3,1143199334,1
958.8,721.4,1143199345,1
965.2,712.7,1143199378,1
962.5,725.8,1143199399,1
982.9,707.5,1143199416,1
966.0,742.5,1143199436,1
958.0,748.6,1143199458,1
959.5,750.3,1143199479,1
958.3,733.9,1143199496,1
998.0,665.0,1143199516,1
969.1,711.2,1143199535,1
978.4,698.6,1143199552,1
984.7,693.0,1143199571,1
991.4,691.4,1143199596,1
1005.8,695.0,1143199617,1
1018.0,699.5,1143199641,1
1050.3,683.4,1143199663,1
1075.1,664.0,1143199692,1
1097.4,633.7,1143199706,1
1085.0,645.4,1143199716,1
1090.2,588.8,1143199728,1
1094.9,590.1,1143199740,1
1105.2,576.4,1143199751,1
1105.3,572.9,1143199767,1
1116.1,556.1,1143199784,1
1115.5,553.0,1143199795,1
1115.8,547.4,1143199830,1
1119.0,532.5,1143199851,1
1119.6,526.0,1143199865,1
1117.3,522.0,1143199877,1
1117.6,522.8,1143199887,1
1117.6,520.7,1143199904,1
1122.3,524.1,1143199919,1
1114.2,533.6,1143199931,1
1114.9,537.0,1143199948,1
1128.0,544.3,1143199976,1
1140.5,555.2,1143199992,1
1139.8,557.6,1143200009,1
1136.7,559.3,1143200021,1
1129.2,559.8,1143200037,1
1130.2,567.2,1143200053,1
1127.6,561.8,1143200065,1
1006.2,447.0,1143200082,1
1090.2,577.0,1143200101,1
1075.8,564.9,1143200124,1
1036.2,644.9,1143200141,1
982.1,551.6,1143200170,1
868.5,609.2,1143200200,1
890.1,593.7,1143200215,1
809.1,669.1,1143200244,1
840.7,390.4,1143200278,1
892.4,301.8,1143200305,1
945.7,314.9,1143200322,1
933.4,323.1,1143200333,1
945.7,261.0,1143200367,1
924.0,226.0,1143200395,1
867.0,179.7,1143200449,1
870.5,176.5,1143200468,1
885.0,199.1,1143200503,1
914.9,372.9,1143200524,1
905.6,304.2,1143200534,1
916.2,351.4,1143200550,1
903.7,327.9,1143200576,1
908.5,343.6,1143200592,1
954.2,556.5,1143200604,1
955.8,505.5,1143200622,1
959.3,533.1,1143200638,1
963.4,561.5,1143200665,1
964.4,583.3,1143200682,1
952.3,581.2,1143200728,1
952.2,631.8,1143200740,1
951.1,640.9,1143200754,1
954.4,628.8,1143200773,1
955.8,608.8,1143200800,1
970.2,572.8,1143200818,1
959.9,558.2,1143200846,1
964.8,544.0,1143200875,1
962.2,536.0,1143200889,1
962.0,539.6,1143200907,1
958.7,540.7,1143200920,1
959.9,536.0,1143200937,1
986.8,523.0,1143200954,1
989.0,522.5,1143200966,1
985.7,532.5,1143200982,1
989.1,528.9,1143201001,1
976.2,561.3,1143201029,1
981.6,525.8,1143201043,1
976.2,576.1,1143201072,1
982.0,532.9,1143201088,1
992.8,520.6,1143201100,1
989.3,545.5,1143201119,1
1018.5,480.1,1143201136,1
1019.5,483.6,1143201146,1
1026.5,478.8,1143201181,1
1005.4,524.5,1143201191,1
1003.5,530.2,1143201207,1
1028.6,485.8,1143201224,1
985.6,583.9,1143201252,1
1008.1,520.6,1143201270,1
1008.9,522.8,1143201281,1
1011.9,530.9,1143201298,1
992.0,582.1,1143201325,1
991.4,579.8,1143201341,1
1003.0,519.5,1143201358,1
998.0,524.2,1143201370,1
973.9,584.7,1143201389,1
1008.1,506.9,1143201404,1
1009.2,502.8,1143201432,1
1022.8,469.2,1143201451,1
997.4,536.1,1143201477,1
1003.8,505.8,1143201494,1
993.8,530.0,1143201506,1
987.0,546.8,1143201523,1
1022.1,458.8,1143201539,1
1011.6,484.2,1143201550,1
1005.5,496.5,1143201567,1
1015.2,472.9,1143201584,1
1038.4,407.8,1143201629,1
1010.7,484.4,1143201640,1
1042.2,461.0,1143201658,1
1070.1,409.0,1143201674,1
1054.2,451.1,1143201703,1
1050.2,443.3,1143201721,1
1028.4,499.1,1143201730,1
1025.4,499.8,1143201746,1
1009.5,529.4,1143201778,1
1019.6,491.9,1143201793,1
1040.3,417.2,1143201809,1
1034.6,431.2,1143201821,1
1012.9,475.7,1143201835,1
1004.9,481.8,1143201853,1
1005.4,507.6,1143201866,1
1004.7,519.6,1143201883,1
1015.5,491.4,1143201900,1
999.1,542.5,1143201926,1
989.5,570.1,1143201942,1
1001.3,539.2,1143201955,1
1010.3,510.6,1143201988,1
987.4,555.0,1143202000,1
992.5,535.2,1143202017,1
1016.0,457.5,1143202035,1
1021.6,456.4,1143202079,1
974.7,604.3,1143202108,1
996.4,535.1,1143202124,1
969.8,634.9,1143202152,1
1016.9,523.6,1143202169,1
1011.1,537.6,1143202198,1
967.3,647.5,1143202239,1
984.1,604.1,1143202257,1
1032.8,579.5,1143202286,1
1063.2,471.6,1143202303,1
1063.3,461.9,1143202330,1
1037.2,499.2,1143202348,1
1023.5,517.7,1143202377,1
1026.1,503.7,1143202393,1
1008.0,552.1,1143202426,1
1020.9,513.1,1143202438,1
985.4,592.0,1143202465,1
1007.0,529.6,1143202484,1
973.0,607.9,1143202531,1
1013.2,547.1,1143202555,1
1031.1,475.2,1143202574,1
1033.1,524.1,1143202584,1
1023.8,533.5,1143202601,1
1014.8,545.0,1143202620,1
956.2,618.0,1143202645,1
961.8,574.1,1143202674,1
978.6,547.4,1143202691,1
987.7,499.7,1143202707,1
970.3,540.0,1143202719,1
988.2,491.0,1143202734,1
991.1,494.1,1143202752,1
977.9,541.7,1143202781,1
988.3,520.6,1143202797,1
986.6,548.3,1143202826,1
998.2,521.9,1143202842,1
1005.4,528.8,1143202854,1
991.6,552.5,1143202870,1
978.5,579.7,1143202887,1
1027.0,553.8,1143203140,1
1027.0,553.8,1143203155,1
1016.7,556.4,1143203169,1
1011.8,557.7,1143203186,1
1042.6,471.8,1143203202,1
1088.8,331.4,1143203214,1
1063.7,404.8,1143203231,1
1070.8,363.9,1143203278,1
1057.2,396.1,1143203304,1
1031.3,419.3,1143203315,1
986.6,419.8,1143203325,1
1083.2,287.2,1143203338,1
1049.8,328.6,1143203350,1
1052.2,323.7,1143203366,1
1065.5,273.3,1143203383,1
1051.4,294.0,1143203395,1
1026.1,312.8,1143203428,1
1079.4,379.5,1143203457,1
1088.5,412.4,1143203473,1
1010.9,453.3,1143203486,1
1011.9,517.1,1143203501,1
1020.6,516.7,1143203521,1
1027.1,516.0,1143203533,1
992.1,542.6,1143203550,1
982.1,554.8,1143203579,1
963.5,605.0,1143203592,1
958.0,612.3,1143203608,1
956.2,617.1,1143203620,1
956.2,619.8,1143203637,1
956.8,620.5,1143203654,1
956.8,620.0,1143203665,1
953.7,608.3,1143203682,1
959.1,557.2,1143203700,1
967.5,507.1,1143203727,1
969.0,478.7,1143203746,1
967.4,501.0,1143203756,1
966.7,519.5,1143203772,1
964.7,578.9,1143203790,1
964.9,582.6,1143203801,1
966.8,581.1,1143203816,1
968.2,580.3,1143203833,1
968.0,579.8,1143203849,1
968.7,578.5,1143203879,1
968.7,578.4,1143203890,1
984.0,493.7,1143203905,1
1022.1,371.9,1143203923,1
1000.9,426.8,1143203935,1
993.7,452.8,1143203950,1
998.2,439.8,1143203968,1
993.2,447.1,1143203980,1
972.0,498.3,1143203998,1
960.7,548.7,1143204026,1
961.8,562.7,1143204041,1
967.7,534.5,1143204059,1
966.4,540.0,1143204071,1
967.3,536.2,1143204086,1
970.1,519.7,1143204103,1
959.1,561.6,1143204133,1
962.6,547.7,1143204151,1
966.9,529.2,1143204178,1
991.9,493.1,1143204194,1
997.0,474.8,1143204207,1
978.2,530.1,1143204220,1
976.7,533.8,1143204239,1
977.7,521.5,1143204251,1
967.1,568.6,1143204265,1
962.0,560.4,1143204283,1
962.7,577.9,1143204298,1
956.0,580.8,1143204330,1
960.6,604.0,1143204341,1
957.5,585.9,1143204356,1
962.9,609.8,1143204372,1
961.3,584.5,1143204387,1
959.8,593.2,1143204402,1
1010.2,508.4,1143204417,1
1002.3,527.4,1143204431,1
1002.0,527.8,1143204445,1
983.4,604.2,1143204490,1
994.1,581.7,1143204509,1
1002.4,566.7,1143204520,1
986.2,600.3,1143204535,1
1024.2,504.8,1143204553,1
1008.7,538.6,1143204582,1
1031.2,491.5,1143204598,1
1001.5,536.4,1143204626,1
1019.5,483.2,1143204642,1
986.4,551.9,1143204655,1
978.9,564.5,1143204670,1
983.1,463.4,1143204688,1
967.2,501.0,1143204700,1
973.0,542.2,1143204716,1
974.1,539.4,1143204733,1
957.4,481.1,1143204746,1
962.0,473.7,1143204780,1
1114.4,830.6,1143205077,1
1237.2,571.3,1143208883,2
1357.4,575.8,1143208901,2
1339.8,572.2,1143208917,2
1270.5,563.9,1143208929,2
1326.6,568.7,1143208946,2
1258.8,575.3,1143208977,2
1152.4,568.1,1143208993,2
1172.5,565.1,1143209020,2
1183.5,547.4,1143209036,2
1235.7,553.3,1143209052,2
1267.4,542.4,1143209063,2
1255.9,535.4,1143209081,2
1388.0,560.6,1143209098,2
1360.1,551.0,1143209128,2
1330.8,540.4,1143209155,2
1290.2,503.2,1143209166,2
1284.8,502.1,1143209177,2
1297.5,514.2,1143209189,2
1308.7,524.0,1143209202,2
1302.8,518.8,1143209219,2
1311.0,508.1,1143209233,2
1312.3,513.6,1143209246,2
1345.8,532.0,1143209279,2
1363.2,538.3,1143209291,2
1458.6,581.0,1143209321,2
1460.0,572.1,1143209335,2
1472.5,569.8,1143209366,2
1478.7,574.5,1143209379,2
1505.5,588.9,1143209426,2
1489.0,585.3,1143209459,2
1343.1,513.6,1143209472,2
1324.8,503.6,1143209504,2
1362.5,508.2,1143209515,2
1409.0,516.8,1143209530,2
1362.4,482.9,1143209549,2
1268.3,407.7,1143209577,2
1362.1,457.0,1143209593,2
1331.8,439.6,1143209607,2
1270.1,383.9,1143209621,2
1307.0,375.5,1143209637,2
1296.6,390.7,1143209649,2
1262.7,380.3,1143209665,2
1295.9,381.1,1143209681,2
1322.1,386.8,1143209697,2
1340.1,390.2,1143209728,2
1354.8,386.9,1143209740,2
1561.2,425.5,1143209755,2
1609.4,417.0,1143209772,2
1579.3,391.4,1143209786,2
1330.9,418.0,1143209799,2
1351.8,429.4,1143209816,2
1457.1,464.0,1143209830,2
1438.3,469.8,1143209846,2
1419.3,459.8,1143209876,2
1308.2,473.2,1143209891,2
1281.9,469.8,1143209907,2
1310.0,499.4,1143209919,2
1258.8,501.9,1143209935,2
1232.9,529.5,1143209952,2
1233.4,538.1,1143209981,2
1355.9,531.0,1143209999,2
1412.6,450.4,1143210029,2
1430.8,466.4,1143210044,2
1422.2,451.1,1143210055,2
1382.1,411.2,1143210071,2
1373.4,421.0,1143210087,2
1334.1,385.9,1143210099,2
1328.4,401.3,1143210115,2
1334.6,418.7,1143210132,2
1289.9,395.9,1143210146,2
1305.1,428.4,1143210180,2
1302.3,433.3,1143210191,2
1305.9,500.8,1143210206,2
1311.1,502.7,1143210223,2
1314.0,503.9,1143210236,2
1332.7,515.3,1143210251,2
1336.7,512.7,1143210271,2
1314.6,490.4,1143210282,2
1310.1,481.7,1143210299,2
1294.8,464.5,1143210326,2
1293.2,462.1,1143210344,2
1267.1,466.1,1143210358,2
1267.9,463.1,1143210373,2
1285.4,479.9,1143210388,2
1295.8,465.8,1143210404,2
1312.1,404.0,1143210417,2
1313.5,399.4,1143210433,2
1313.5,396.1,1143210450,2
1310.7,412.1,1143210478,2
1309.8,409.0,1143210497,2
1312.9,401.0,1143210508,2
1323.0,442.2,1143210523,2
1261.4,490.1,1143210539,2
1295.3,498.1,1143210552,2
1289.0,571.8,1143210568,2
1278.4,568.3,1143210584,2
1275.5,569.5,1143210596,2
1242.7,564.1,1143210630,2
1235.7,555.4,1143210639,2
1216.2,549.8,1143210659,2
1156.0,501.6,1143210674,2
1160.3,479.0,1143210686,2
1154.7,476.0,1143210701,2
1162.0,478.0,1143210719,2
1166.3,474.5,1143210729,2
1197.0,475.9,1143210746,2
1241.5,478.4,1143210776,2
1170.9,381.0,1143210792,2
1196.4,406.9,1143210808,2
1122.0,321.6,1143210835,2
1080.8,246.6,1143210948,2
1219.7, 29.8,1143211245,2
1276.1,305.3,1143211263,2
1173.2,450.6,1143211273,2
1210.1,378.9,1143211306,2
1252.2,422.3,1143211316,2
1209.6,376.7,1143211330,2
1162.2,405.1,1143211346,2
1094.8,249.4,1143211377,2
1173.7,297.6,1143211394,2
1138.7,267.3,1143211407,2
1095.4,221.2,1143211423,2
1145.6,267.5,1143211439,2
1224.5,388.4,1143211453,2
1225.0,427.7,1143211471,2
1213.5,444.3,1143211484,2
1196.3,542.3,1143211500,2
1190.0,561.0,1143211528,2
1187.0,564.4,1143211540,2
1187.4,596.5,1143211556,2
1185.4,606.3,1143211577,2
1193.4,614.5,1143211587,2
1185.0,609.1,1143211602,2
1187.1,612.3,1143211617,2
1189.7,616.3,1143211631,2
1187.4,617.6,1143211645,2
1189.7,618.2,1143211676,2
1187.1,619.0,1143211695,2
1187.6,617.9,1143211708,2
1188.7,617.5,1143211721,2
1191.1,612.1,1143211736,2
1190.5,606.7,1143211754,2
1191.4,607.0,1143211765,2
1191.9,607.3,1143211779,2
1193.9,608.6,1143211798,2
1189.5,611.5,1143211828,2
1186.2,616.1,1143211845,2
1202.8,564.6,1143211854,2
1201.8,583.0,1143211871,2
1215.1,563.6,1143211887,2
1256.1,575.0,1143211899,2
1275.8,577.2,1143211918,2
1256.2,570.1,1143211933,2
1251.3,564.7,1143211946,2
1357.6,591.6,1143211978,2
1366.6,594.4,1143211990,2
1366.8,594.3,1143212006,2
1317.4,562.7,1143212025,2
1341.6,567.6,1143212035,2
1314.3,557.0,1143212051,2
1335.3,575.6,1143212066,2
1314.9,569.9,1143212082,2
1285.6,530.9,1143212099,2
1310.8,548.1,1143212125,2
1314.7,549.0,1143212143,2
1245.6,570.8,1143212158,2
1230.7,569.4,1143212169,2
1202.0,599.5,1143212186,2
1236.3,606.7,1143212203,2
1235.4,611.4,1143212215,2
1227.1,609.5,1143212231,2
1243.6,586.3,1143212252,2
1247.2,545.3,1143212277,2
1243.4,539.3,1143212295,2
1265.1,545.3,1143212307,2
1263.9,521.4,1143212324,2
1308.4,510.4,1143212338,2
1339.2,552.9,1143212349,2
1362.0,536.3,1143212367,2
1370.9,555.1,1143212383,2
1357.5,554.1,1143212396,2
1373.0,548.5,1143212428,2
1360.4,526.5,1143212442,2
1306.1,444.1,1143212457,2
1284.2,395.0,1143212474,2
1262.4,419.5,1143212484,2
1270.3,411.5,1143212501,2
1263.4,424.9,1143212519,2
1265.7,410.8,1143212530,2
1271.4,428.5,1143212547,2
1281.7,545.7,1143212578,2
1318.0,561.6,1143212593,2
1361.0,564.0,1143212609,2
1371.7,562.4,1143212623,2
1367.8,565.8,1143212638,2
1350.9,589.8,1143212655,2
1326.0,643.5,1143212666,2
1294.1,632.6,1143212682,2
1303.1,640.6,1143212700,2
1226.6,607.0,1143212727,2
1281.5,600.3,1143212750,2
1277.9,585.2,1143212764,2
1270.5,577.4,1143212774,2
1277.0,570.7,1143212788,2
1280.7,559.3,1143212799,2
1292.2,558.9,1143212815,2
1283.8,537.2,1143212832,2
1278.3,526.1,1143212844,2
1277.8,508.3,1143212879,2
1280.5,521.6,1143212892,2
1275.5,494.5,1143212908,2
1247.1,474.5,1143212925,2
1265.7,485.0,1143212936,2
1301.1,497.1,1143212951,2
1286.8,499.1,1143212969,2
1300.6,504.5,1143212981,2
1316.5,572.1,1143212999,2
1337.5,563.5,1143213026,2
1294.1,545.7,1143213042,2
1279.4,570.8,1143213058,2
1286.0,592.6,1143213068,2
1269.8,590.0,1143213087,2
1257.9,594.2,1143213105,2
1173.1,603.3,1143213114,2
1172.9,603.5,1143213131,2
1163.7,604.0,1143213147,2
1120.4,599.4,1143213206,2
1179.0,586.6,1143213222,2
1218.5,574.3,1143213244,2
1227.1,574.4,1143213264,2
1368.7,597.6,1143213281,2
1417.0,589.0,1143213303,2
1341.6,602.9,1143213321,2
1290.1,612.7,1143213344,2
1283.5,611.6,1143213361,2
1303.5,610.5,1143213372,2
1300.0,610.3,1143213386,2
1356.6,614.3,1143213404,2
1406.9,621.2,1143213419,2
1313.2,648.8,1143213430,2
1334.3,660.7,1143213445,2
1257.8,662.7,1143213457,2
1335.1,687.8,1143213478,2
1273.1,669.4,1143213493,2
1273.3,661.8,1143213511,2
1320.0,655.9,1143213522,2
1295.5,649.1,1143213538,2
1262.1,631.4,1143213554,2
1272.0,637.3,1143213565,2
1315.6,658.7,1143213581,2
1255.9,631.7,1143213597,2
1361.1,617.0,1143213628,2
1314.6,616.8,1143213644,2
1331.1,617.1,1143213656,2
1270.6,614.7,1143213674,2
1282.9,613.9,1143213689,2
1314.0,616.3,1143213700,2
1231.9,622.9,1143213718,2
1227.3,622.6,1143213734,2
1258.9,628.9,1143213745,2
1271.6,633.0,1143213781,2
1318.8,614.5,1143213791,2
1359.0,585.8,1143213807,2
1286.9,592.6,1143213823,2
1255.9,597.3,1143213833,2
1224.4,592.2,1143213851,2
1274.2,615.6,1143213869,2
1322.7,603.4,1143213879,2
1298.4,574.6,1143213894,2
1306.7,564.2,1143213927,2
1306.3,559.7,1143213951,2
1322.3,562.3,1143213974,2
1367.9,570.3,1143213993,2
1396.5,572.2,1143214013,2
1404.4,580.2,1143214030,2
1410.0,584.1,1143214049,2
1406.7,582.1,1143214069,2
1403.1,588.3,1143214104,2
1400.9,589.4,1143214119,2
1295.5,443.6,1143214136,2
1308.3,472.4,1143214160,2
1236.2,375.6,1143214179,2
1207.3,325.5,1143214198,2
1203.6,311.4,1143214214,2
1200.9,286.8,1143214241,2
1220.4,318.3,1143214258,2
1220.9,319.6,1143214274,2
1209.1,299.2,1143214286,2
1243.2,361.1,1143214302,2
1264.4,371.5,1143214317,2
1307.5,390.6,1143214331,2
1330.3,392.3,1143214348,2
1773.4,200.7,1143214645,2
1513.8,464.5,1143214664,2
1613.9,323.5,1143214691,2
1859.1, 27.6,1143214707,2
1798.7,101.9,1143214723,2
1762.0,101.3,1143214736,2
1763.7, 77.6,1143214750,2
1659.5,153.5,1143214766,2
1639.0,167.3,1143214784,2
1720.1,157.2,1143214802,2
1632.5,195.1,1143214829,2
1717.8,172.3,1143214844,2
1637.0,251.2,1143214861,2
1523.7,342.5,1143214874,2
1426.6,423.9,1143214890,2
1413.6,461.5,1143214904,2
1369.3,509.9,1143214920,2
1369.2,512.0,1143214931,2
1374.9,509.8,1143214945,2
1367.9,518.8,1143214972,2
1348.4,521.3,1143214987,2
1278.2,547.0,1143214999,2
1228.7,568.3,1143215016,2
1247.1,570.8,1143215033,2
1223.3,570.0,1143215045,2
1231.3,572.0,1143215061,2
1227.6,569.5,1143215088,2
1215.7,568.5,1143215105,2
1218.4,569.3,1143215140,2
1269.7,569.8,1143215158,2
1457.0,540.7,1143215174,2
1360.1,554.7,1143215183,2
1095.3,595.1,1143215200,2
1179.0,586.1,1143215218,2
1237.3,579.5,1143215231,2
1236.4,579.4,1143215248,2
1283.5,570.5,1143215275,2
1328.8,563.5,1143215291,2
1297.0,567.5,1143215308,2
1324.5,567.0,1143215321,2
1316.9,568.6,1143215337,2
1293.3,570.0,1143215355,2
1288.8,570.6,1143215366,2
1256.4,572.1,1143215383,2
1247.8,573.9,1143215400,2
1255.1,576.2,1143215427,2
1351.6,583.9,1143215444,2
1454.4,594.4,1143215457,2
1332.2,580.9,1143215473,2
1366.3,586.1,1143215488,2
1328.9,589.7,1143215499,2
1428.9,604.1,1143215533,2
1416.2,600.5,1143215545,2
1416.5,631.5,1143215577,2
1384.9,618.9,1143215589,2
1340.0,530.5,1143215606,2
1359.8,500.7,1143215623,2
1362.7,498.7,1143215633,2
1377.2,410.8,1143215651,2
1308.7,413.3,1143215671,2
1313.7,417.5,1143215681,2
1325.2,422.6,1143215697,2
1251.9,443.6,1143215725,2
1262.9,438.9,1143215742,2
1261.8,453.8,1143215759,2
1234.5,460.4,1143215771,2
1322.0,514.2,1143215786,2
1304.0,506.1,1143215803,2
1297.9,496.4,1143215815,2
1319.4,536.6,1143215832,2
1313.4,539.7,1143215849,2
1319.4,559.7,1143215877,2
1305.4,528.4,1143215900,2
1307.0,525.3,1143215914,2
1252.4,490.2,1143215924,2
1251.9,492.7,1143215938,2
1256.7,494.1,1143215950,2
1326.8,506.9,1143215969,2
1382.7,531.6,1143215983,2
1320.7,511.7,1143215995,2
1383.8,539.8,1143216028,2
1340.9,525.6,1143216040,2
1283.0,507.3,1143216056,2
1279.6,509.4,1143216073,2
1283.6,509.9,1143216085,2
1287.6,529.6,1143216101,2
1256.0,534.5,1143216119,2
1283.1,556.2,1143216130,2
1307.3,576.3,1143216146,2
1396.0,568.5,1143216175,2
1354.0,512.0,1143216191,2
1341.7,508.2,1143216208,2
1324.6,516.4,1143216219,2
1228.8,522.0,1143216236,2
1219.9,523.3,1143216253,2
1240.3,512.4,1143216268,2
1246.2,510.6,1143216283,2
1223.5,530.4,1143216301,2
1263.3,529.5,1143216327,2
1253.8,529.0,1143216345,2
1229.4,546.5,1143216356,2
1222.6,550.5,1143216374,2
1220.3,551.3,1143216389,2
1221.7,550.3,1143216399,2
1253.2,565.9,1143216416,2
1309.7,601.6,1143216434,2
1350.2,615.1,1143216445,2
1355.6,621.8,1143216480,2
1362.5,620.8,1143216491,2
1365.6,619.6,1143216506,2
1287.8,590.4,1143216523,2
1280.4,582.6,1143216536,2
1309.4,575.9,1143216552,2
1385.8,572.2,1143216567,2
1354.1,578.1,1143216582,2
1374.9,611.9,1143216599,2
1437.6,649.4,1143216626,2
1450.1,681.6,1143216658,2
1445.8,680.4,1143216670,2
1453.6,617.1,1143216687,2
1439.9,586.6,1143216704,2
1472.1,575.3,1143216715,2
1453.4,559.2,1143216733,2
1444.7,562.6,1143216749,2
1324.7,527.0,1143216777,2
1290.2,519.0,1143216794,2
1248.3,538.0,1143216804,2
1286.7,521.4,1143216822,2
1250.6,542.4,1143216838,2
1270.4,545.2,1143216850,2
1299.7,547.5,1143216866,2
1338.6,550.4,1143216884,2
1400.6,564.8,1143216896,2
1364.3,601.5,1143216928,2
1358.2,607.8,1143216942,2
1215.7,625.6,1143216957,2
1251.1,626.2,1143216974,2
1270.9,623.8,1143216985,2
1209.0,629.1,1143217000,2
1190.4,632.3,1143217019,2
1217.9,634.3,1143217030,2
1434.8,646.7,1143217047,2
1390.9,656.3,1143217075,2
1290.0,679.5,1143217090,2
1255.0,686.2,1143217109,2
1351.0,668.7,1143217119,2
1267.6,668.6,1143217136,2
1237.5,671.6,1143217153,2
1235.0,674.4,1143217164,2
1283.8,648.6,1143217183,2
1282.0,628.2,1143217199,2
1282.8,612.3,1143217229,2
1281.6,611.5,1143217243,2
1282.9,610.7,1143217254,2
1268.7,614.0,1143217271,2
1223.8,638.6,1143217287,2
1329.0,630.5,1143217301,2
1330.0,626.6,1143217317,2
1286.8,615.2,1143217333,2
1413.2,610.6,1143217346,2
1378.6,608.4,1143217378,2
1397.8,617.2,1143217390,2
1325.6,614.6,1143217406,2
1348.0,634.0,1143217423,2
1341.3,628.4,1143217436,2
1094.7,604.8,1143217451,2
1173.6,620.2,1143217467,2
1280.9,605.7,1143217479,2
1277.9,590.3,1143217495,2
1368.9,572.3,1143217526,2
1393.6,551.3,1143217540,2
1390.1,537.9,1143217557,2
1432.5,503.6,1143217572,2
1436.7,458.9,1143217586,2
1468.7,454.2,1143217602,2
1620.5,497.8,1143217615,2
1589.2,488.5,1143217629,2
1584.5,490.1,1143217647,2
1600.3,501.5,1143217679,2
1571.9,485.9,1143217692,2
1539.3,447.9,1143217720,2
1522.0,470.1,1143217739,2
1522.5,459.9,1143217750,2
1447.3,496.8,1143217765,2
1438.9,496.7,1143217782,2
1455.2,501.8,1143217798,2
1487.3,543.9,1143217828,2
1479.2,546.9,1143217839,2
1470.7,543.7,1143217856,2
1466.9,543.4,1143217873,2
1461.1,543.6,1143217885,2
1458.7,543.5,1143217901,2
1455.9,545.4,1143217919,2
1431.8,584.6,1143217933,2
1258.4,613.2,1143217948,2
1316.2,613.0,1143217975,2
1392.1,611.5,1143217991,2
1415.4,617.9,1143218008,2
1419.9,616.7,1143218021,2
1410.1,615.4,1143218036,2
1378.2,614.6,1143218051,2
1404.8,607.5,1143218067,2
1395.8,602.7,1143218081,2
1422.9,602.5,1143218099,2
1469.9,602.2,1143218126,2
1435.2,602.1,1143218143,2
1375.2,605.8,1143218155,2
1304.1,610.2,1143218174,2
1308.2,616.5,1143218190,2
1316.1,630.6,1143218200,2
1312.0,628.5,1143218214,2
1305.3,631.7,1143218235,2
1317.4,640.7,1143218246,2
1309.3,648.2,1143218278,2
1313.5,645.6,1143218291,2
1250.4,652.6,1143218306,2
1196.3,660.5,1143218324,2
1309.7,643.6,1143218335,2
1296.4,645.8,1143218351,2
1318.0,643.6,1143218369,2
1370.0,636.0,1143218381,2
1373.5,630.7,1143218396,2
1351.0,626.9,1143218424,2
1384.9,627.5,1143218441,2
1374.1,622.6,1143218459,2
1366.4,613.5,1143218470,2
1484.7,564.1,1143218486,2
1439.4,568.4,1143218503,2
1488.9,547.4,1143218517,2
1470.8,555.0,1143218535,2
1448.3,565.5,1143218549,2
1240.1,647.6,1143218579,2
1295.2,617.1,1143218593,2
1383.5,590.4,1143218606,2
1370.4,593.3,1143218622,2
1349.8,597.6,1143218638,2
1269.1,623.5,1143218651,2
1295.3,603.0,1143218667,2
1275.9,619.1,1143218684,2
1249.3,633.6,1143218697,2
1240.9,630.7,1143218730,2
1230.1,629.1,1143218740,2
1233.3,641.3,1143218756,2
1118.2,643.1,1143218773,2
1284.2,646.9,1143218784,2
1088.0,652.5,1143218800,2
1095.2,653.1,1143218816,2
1346.9,656.3,1143218829,2
1358.7,655.7,1143218847,2
1407.7,653.5,1143218876,2
1356.7,658.6,1143218891,2
1302.8,668.9,1143218908,2
1275.6,669.2,1143218920,2
1244.9,680.8,1143218937,2
1255.9,677.6,1143218957,2
1250.7,669.1,1143218968,2
1246.1,670.7,1143218980,2
1194.0,663.7,1143219000,2
1025.6,643.4,1143219027,2
1064.2,646.3,1143219043,2
1106.7,642.3,1143219054,2
1113.5,637.3,1143219073,2
1207.7,632.8,1143219088,2
1318.8,630.2,1143219100,2
1349.6,632.8,1143219118,2
1355.7,637.9,1143219133,2
1384.0,643.8,1143219145,2
1375.9,643.1,1143219178,2
1382.5,638.3,1143219190,2
1368.0,637.5,1143219206,2
1351.8,653.2,1143219223,2
1343.8,651.7,1143219253,2
1335.2,629.6,1143219269,2
1400.1,623.8,1143219280,2
1364.4,623.1,1143219296,2
1535.7,619.7,1143219325,2
1442.8,607.8,1143219340,2
1440.5,615.5,1143219356,2
1461.8,628.2,1143219370,2
1466.1,651.1,1143219386,2
1455.4,660.4,1143219406,2
1490.7,677.5,1143219416,2
1482.1,677.9,1143219432,2
1476.0,681.5,1143219450,2
1373.4,653.0,1143219478,2
1390.0,622.9,1143219494,2
1367.5,597.3,1143219505,2
1336.4,556.2,1143219521,2
1375.2,568.7,1143219537,2
1353.1,559.0,1143219549,2
1380.1,486.3,1143219568,2
1417.5,510.0,1143219583,2
1418.9,514.6,1143219597,2
1513.2,539.4,1143219630,2
1523.2,538.5,1143219641,2
1509.6,521.2,1143219656,2
1480.6,535.1,1143219677,2
1503.1,524.8,1143219688,2
1471.7,535.4,1143219703,2
1491.2,536.1,1143219718,2
1478.5,531.9,1143219729,2
1496.4,565.1,1143219746,2
1670.2,573.0,1143219775,2
1670.4,570.7,1143219795,2
1550.3,581.6,1143219808,2
1584.3,571.1,1143219820,2
1563.4,569.0,1143219838,2
1526.2,564.3,1143219854,2
1624.6,576.7,1143219866,2
1592.6,600.6,1143219881,2
1582.7,602.4,1143219901,2
1524.2,623.4,1143219926,2
1511.3,623.5,1143219942,2
1596.0,601.8,1143219957,2
1547.7,612.0,1143219971,2
1494.4,630.9,1143219988,2
1456.8,631.1,1143219999,2
1442.6,626.9,1143220015,2
1438.1,620.1,1143220031,2
1430.5,614.9,1143220045,2
1419.2,606.8,1143220077,2
1409.1,610.5,1143220089,2
1405.0,611.8,1143220106,2
1395.1,615.2,1143220124,2
1478.3,599.3,1143220135,2
1454.8,616.5,1143220152,2
1435.3,622.6,1143220168,2
1526.7,605.7,1143220181,2
1553.4,600.0,1143220198,2
1487.5,615.5,1143220226,2
1374.4,636.1,1143220242,2
1348.5,638.8,1143220258,2
1491.4,587.8,1143220270,2
1352.3,637.2,1143220287,2
1306.1,642.9,1143220303,2
1257.4,647.2,1143220312,2
1187.4,655.8,1143220331,2
1168.7,659.1,1143220348,2
999.3,687.3,1143220377,2
1058.3,677.6,1143220406,2
1226.6,649.5,1143220423,2
1383.4,623.4,1143220439,2
1344.8,640.5,1143220450,2
1330.1,651.2,1143220467,2
1303.7,661.7,1143220485,2
1292.4,665.0,1143220495,2
1312.8,606.3,1143220529,2
1306.7,578.1,1143220540,2
1281.7,517.3,1143220556,2
1225.6,529.6,1143220572,2
1304.3,579.4,1143220584,2
1125.8,600.0,1143220600,2
1112.9,601.0,1143220617,2
1186.0,592.7,1143220629,2
1248.3,586.3,1143220645,2
1312.9,580.3,1143220675,2
1323.1,564.8,1143220690,2
1392.5,566.1,1143220706,2
1359.0,589.8,1143220720,2
1093.6,664.0,1143221126,2
1111.7,517.5,1143221145,2
1186.2,491.5,1143221165,2
1193.7,496.3,1143221174,2
1148.8,485.3,1143221186,2
1150.6,487.3,1143221203,2
1157.9,507.9,1143221214,2
1179.8,536.1,1143221247,2
1182.2,575.5,1143221278,2
1199.0,579.4,1143221293,2
1187.0,576.4,1143221306,2
1333.1,450.1,1143221323,2
1333.8,445.4,1143221338,2
1338.1,444.0,1143221350,2
1339.2,441.3,1143221366,2
1282.1,411.8,1143221384,2
1260.4,403.9,1143221395,2
1247.9,448.5,1143221428,2
1256.2,477.8,1143221442,2
1242.4,474.9,1143221457,2
1221.3,498.1,1143221473,2
1214.1,543.4,1143221485,2
1209.4,566.5,1143221501,2
1219.3,567.9,1143221518,2
1209.6,574.5,1143221530,2
1200.1,580.9,1143221546,2
1204.3,577.4,1143221575,2
1213.9,571.0,1143221591,2
1213.5,571.3,1143221608,2
1207.7,574.2,1143221620,2
1309.8,580.2,1143221636,2
1304.5,579.9,1143221656,2
1285.1,578.8,1143221666,2
1352.9,583.9,1143221700,2
1290.9,579.1,1143221726,2
1259.0,574.5,1143221743,2
1272.5,569.3,1143221757,2
1279.4,567.7,1143221772,2
1244.5,574.8,1143221788,2
1221.6,589.2,1143221799,2
1151.1,593.0,1143221816,2
1169.6,593.5,1143221834,2
1194.3,587.0,1143221845,2
1181.3,586.8,1143221877,2
1189.8,596.7,1143221888,2
1274.6,637.3,1143221922,2
1300.8,684.6,1143221933,2
1342.4,607.7,1143221950,2
1295.0,580.6,1143221966,2
1279.6,594.4,1143221980,2
1263.8,622.9,1143221996,2
1260.5,626.2,1143222024,2
1192.1,547.5,1143222043,2
1150.6,578.4,1143222061,2
1093.6,606.0,1143222072,2
1100.1,661.3,1143222114,2
1114.4,598.4,1143222131,2
1142.5,540.6,1143222149,2
1131.0,509.4,1143222178,2
948.4,493.1,1143222192,2
1041.3,541.6,1143222204,2
1045.4,544.6,1143222222,2
1069.0,548.2,1143222238,2
1108.1,570.3,1143222249,2
1147.6,540.9,1143222266,2
1135.5,522.0,1143222283,2
1134.8,521.0,1143222295,2
1109.6,490.3,1143222329,2
1114.9,495.5,1143222339,2
1319.0,501.0,1143222356,2
1256.9,523.1,1143222375,2
1160.0,550.9,1143222387,2
1169.2,553.8,1143222403,2
1170.7,553.9,1143222418,2
1168.7,558.1,1143222430,2
1161.2,570.1,1143222448,2
994.1,608.9,1143222475,2
998.0,608.2,1143222490,2
1051.1,596.3,1143222510,2
1150.2,614.4,1143222521,2
1191.6,672.2,1143222537,2
1179.8,664.7,1143222555,2
1080.4,655.1,1143222564,2
1091.0,627.2,1143222581,2
1125.1,624.3,1143222598,2
1137.6,593.3,1143222626,2
1238.3,630.3,1143222642,2
1194.1,638.4,1143222655,2
1224.3,558.2,1143222672,2
1262.5,596.6,1143222688,2
1191.9,556.9,1143222699,2
1274.8,569.0,1143222717,2
1244.6,550.1,1143222732,2
1138.4,575.1,1143222745,2
1156.7,597.2,1143222777,2
1152.0,626.2,1143222789,2
1246.1,633.6,1143222805,2
1209.2,555.8,1143222822,2
1250.9,571.4,1143222850,2
1223.7,544.6,1143222866,2
1233.2,585.8,1143222880,2
1326.9,586.4,1143222896,2
1221.6,574.5,1143222925,2
1215.4,565.6,1143222941,2
1211.4,557.4,1143222958,2
1198.9,543.5,1143222969,2
1117.8,467.9,1143222986,2
1116.1,471.7,1143223003,2
1162.1,432.7,1143223015,2
1168.9,416.7,1143223032,2
1170.8,399.3,1143223050,2
1180.7,392.4,1143223077,2
1188.8,382.6,1143223095,2
1193.1,369.2,1143223106,2
1192.8,368.7,1143223123,2
1166.9,365.4,1143223139,2
1163.8,330.8,1143223152,2
1163.0,322.1,1143223167,2
1167.7,303.4,1143223185,2
1167.8,291.4,1143223198,2
1157.8,263.2,1143223230,2
1159.7,263.2,1143223257,2
1213.8,387.5,1143223273,2
1210.6,379.8,1143223288,2
1283.0,502.0,1143223302,2
1360.0,508.5,1143223318,2
1351.3,498.6,1143223331,2
1332.6,483.0,1143223350,2
1301.7,425.6,1143223379,2
1202.2,417.9,1143223393,2
1206.6,412.7,1143223407,2
1209.2,411.2,1143223420,2
1201.6,410.8,1143223439,2
1177.6,376.3,1143223452,2
1405.9,313.2,1143223729,2
1113.5,108.2,1143223804,2
1229.7,177.4,1143223839,2
1117.6,125.6,1143223857,2
993.7,136.3,1143223869,2
984.6,131.5,1143223884,2
1113.8,109.0,1143223901,2
1093.0,113.6,1143223915,2
1060.8,119.1,1143223930,2
1101.0,113.1,1143223947,2
1133.7, 67.3,1143223974,2
1139.2, 87.5,1143223992,2
1246.9,228.4,1143224005,2
1318.7,337.4,1143224019,2
1303.8,339.9,1143224038,2
1200.1,297.9,1143224050,2
1175.9,408.9,1143224066,2
1173.9,461.5,1143224085,2
1152.5,449.0,1143224097,2
1099.0,494.9,1143224127,2
1137.5,516.2,1143224143,2
1247.3,513.1,1143224156,2
1256.0,518.0,1143224173,2
1235.9,534.9,1143224185,2
1264.4,526.2,1143224202,2
1271.5,522.6,1143224218,2
1194.7,574.1,1143224230,2
1102.2,633.5,1143224246,2
1011.9,684.3,1143224275,2
1091.1,654.1,1143224291,2
1132.1,613.9,1143224309,2
1144.8,621.7,1143224320,2
1191.4,585.8,1143224337,2
1312.8,519.3,1143224354,2
1352.6,497.7,1143224365,2
1294.6,526.7,1143224381,2
1249.2,547.7,1143224395,2
1282.8,541.3,1143224425,2
1284.9,541.0,1143224438,2
1261.6,539.5,1143224450,2
1151.7,544.8,1143224468,2
1181.8,562.2,1143224482,2
1112.1,520.8,1143224497,2
1086.6,501.4,1143224511,2
1160.2,517.0,1143224527,2
1114.9,501.8,1143224538,2
1117.7,500.0,1143224573,2
1107.0,497.9,1143224589,2
1197.0,516.5,1143224606,2
1203.2,512.7,1143224628,2
1155.3,512.3,1143224643,2
1196.7,509.9,1143224659,2
1203.9,506.0,1143224675,2
1163.1,493.0,1143224691,2
1179.4,483.2,1143224715,2
1178.9,482.7,1143224741,2
1108.6,438.9,1143224751,2
1101.6,434.6,1143224760,2
1135.6,436.4,1143224770,2
1095.0,420.3,1143224784,2
1066.3,413.9,1143224801,2
1168.4,514.1,1143224814,2
1173.8,478.4,1143224831,2
1210.2,490.9,1143224845,2
1259.4,518.3,1143224874,2
1015.9,547.3,1143228899,3
1030.5,554.8,1143228928,3
960.1,548.0,1143228971,3
958.8,560.5,1143229015,3
1172.0,592.3,1143229034,3
1162.0,584.5,1143229081,3
1096.6,607.2,1143229114,3
1182.0,605.1,1143229133,3
1113.5,585.4,1143229155,3
1098.9,582.5,1143229169,3
1185.7,501.2,1143229195,3
1174.2,490.6,1143229241,3
1210.9,474.1,1143229258,3
1178.3,490.7,1143229270,3
1192.4,519.0,1143229285,3
1140.4,513.9,1143229301,3
1159.9,580.1,1143229332,3
1152.9,549.5,1143229348,3
1133.8,513.5,1143229376,3
1115.5,515.5,1143229393,3
1173.9,496.2,1143229420,3
1133.9,518.6,1143229436,3
1171.5,550.5,1143229450,3
1138.2,593.7,1143229464,3
1112.0,625.9,1143229482,3
1128.5,634.3,1143229498,3
1106.9,616.9,1143229528,3
1122.6,584.3,1143229539,3
1136.0,548.4,1143229556,3
1058.6,562.1,1143229572,3
1087.2,559.6,1143229583,3
1076.2,544.9,1143229600,3
1069.7,549.5,1143229616,3
1103.2,540.7,1143229629,3
1112.1,537.2,1143229646,3
1183.9,551.4,1143229675,3
1174.8,546.8,1143229691,3
1187.8,558.7,1143229708,3
1195.6,549.2,1143229721,3
1191.8,572.6,1143229736,3
1175.3,576.5,1143229753,3
1119.6,572.3,1143229765,3
1128.0,573.1,1143229780,3
1135.2,578.5,1143229797,3
1157.1,574.5,1143229826,3
1167.4,567.9,1143229843,3
1249.2,562.0,1143229855,3
1208.0,568.5,1143229871,3
1130.0,625.7,1143229888,3
1187.1,606.8,1143229900,3
1198.3,600.1,1143229914,3
1094.0,623.3,1143229932,3
1082.1,628.4,1143229945,3
1054.4,636.4,1143229978,3
1126.7,616.0,1143229998,3
1129.9,616.2,1143230014,3
1143.8,637.1,1143230031,3
1135.4,634.1,1143230049,3
1133.5,629.2,1143230066,3
1125.4,617.1,1143230089,3
1113.0,595.9,1143230107,3
1104.0,606.8,1143230142,3
1076.2,655.7,1143230157,3
1021.0,627.2,1143230170,3
1028.2,617.3,1143230188,3
1070.5,624.7,1143230204,3
1133.1,619.3,1143230216,3
1158.7,611.9,1143230231,3
1114.5,621.8,1143230248,3
1126.8,621.3,1143230259,3
1156.7,612.4,1143230278,3
1185.8,596.3,1143230292,3
1161.6,608.7,1143230304,3
1123.7,631.4,1143230320,3
1102.5,646.1,1143230336,3
1098.6,646.7,1143230366,3
1134.3,623.3,1143230381,3
1066.1,671.9,1143230428,3
1219.6,607.1,1143230456,3
1193.9,608.2,1143230471,3
1058.3,469.6,1143230499,3
1056.0,445.4,1143230515,3
989.0,420.3,1143230530,3
1014.6,417.0,1143230544,3
962.5,396.3,1143230590,3
1013.6,415.0,1143230607,3
998.9,408.8,1143230619,3
947.9,401.9,1143230635,3
976.3,403.6,1143230650,3
940.6,387.2,1143230664,3
974.6,375.3,1143230680,3
942.1,364.9,1143230697,3
935.8,310.7,1143230729,3
918.0,293.2,1143230741,3
947.7,274.1,1143230787,3
673.5,700.2,1143231048,3
769.5,403.0,1143231064,3
791.6,267.7,1143231090,3
833.5,365.1,1143231107,3
944.9,364.7,1143231130,3
1134.9,432.4,1143231144,3
1160.3,449.8,1143231176,3
1144.7,443.0,1143231192,3
903.6,332.2,1143231204,3
982.2,377.8,1143231220,3
967.9,357.0,1143231237,3
985.6,371.4,1143231264,3
994.6,378.1,1143231281,3
1136.2,486.0,1143231331,3
1038.5,393.4,1143231341,3
945.2,302.2,1143231354,3
1031.3,353.6,1143231370,3
989.1,312.7,1143231388,3
979.7,271.1,1143231396,3
1010.4,300.6,1143231410,3
924.3,226.2,1143231428,3
875.9,183.2,1143231444,3
832.0,147.4,1143231475,3
896.5,200.7,1143231489,3
908.8,212.5,1143231506,3
870.8,205.4,1143231520,3
924.8,257.6,1143231535,3
1118.8,363.9,1143231553,3
1022.7,317.7,1143231566,3
1041.1,350.5,1143231581,3
1085.9,382.2,1143231601,3
1132.5,403.3,1143231628,3
1113.3,410.6,1143231643,3
1200.5,458.0,1143231654,3
1100.8,432.3,1143231670,3
1013.6,321.3,1143231686,3
1006.8,269.3,1143231699,3
1022.8,257.3,1143231715,3
1042.2,242.0,1143231732,3
1052.8,224.4,1143231747,3
1066.4,205.9,1143231778,3
1029.0,219.0,1143231804,3
1001.4,215.1,1143231824,3
988.9,212.7,1143231836,3
897.2,199.2,1143231852,3
963.5,247.9,1143231868,3
994.7,280.5,1143231898,3
1047.7,362.6,1143231940,3
1046.4,357.2,1143231958,3
1060.6,314.8,1143231986,3
1057.9,322.9,1143232003,3
1057.2,326.8,1143232030,3
1065.6,323.2,1143232045,3
1068.2,334.8,1143232078,3
1089.3,347.1,1143232092,3
1152.5,378.3,1143232120,3
1078.4,325.9,1143232136,3
1075.6,323.2,1143232165,3
1074.4,318.8,1143232181,3
1067.3,302.9,1143232228,3
1073.1,306.7,1143232240,3
1022.0,282.9,1143232257,3
972.9,234.2,1143232272,3
987.4,271.4,1143232284,3
985.2,275.8,1143232300,3
969.7,250.4,1143232319,3
970.3,246.1,1143232330,3
971.0,240.9,1143232345,3
1056.9,364.3,1143232378,3
1055.9,362.9,1143232392,3
1000.4,279.6,1143232407,3
995.4,271.0,1143232419,3
1005.0,287.4,1143232436,3
1004.6,284.4,1143232451,3
1012.4,294.6,1143232466,3
967.1,221.9,1143232480,3
923.9,156.0,1143232498,3
913.5,135.6,1143232526,3
936.0,149.4,1143232543,3
1047.5,226.0,1143232571,3
1015.8,192.1,1143232589,3
1051.5,232.3,1143232601,3
998.1,127.7,1143232615,3
954.8, 38.9,1143232630,3
889.1,123.1,1143233082,3
746.0,-158.5,1143233126,3
821.6, 51.8,1143233154,3
865.9,189.7,1143233175,3
776.3, 24.3,1143233190,3
844.4, 68.7,1143233218,3
905.1,129.3,1143233231,3
919.6,106.5,1143233246,3
824.1, -1.5,1143233274,3
828.4,  2.5,1143233289,3
895.7,179.8,1143233305,3
990.5,333.2,1143233333,3
898.0,238.5,1143233362,3
874.6,214.0,1143233378,3
944.0,319.1,1143233394,3
983.9,356.2,1143233425,3
1083.2,485.8,1143233443,3
957.3,485.1,1143233453,3
1048.9,491.3,1143233468,3
1025.5,485.8,1143233484,3
985.7,480.9,1143233515,3
1035.6,457.8,1143233529,3
1068.1,420.3,1143233585,3
1070.1,418.8,1143233602,3
845.2,466.7,1143233636,3
869.2,454.2,1143233656,3
884.9,445.0,1143233671,3
861.1,445.8,1143233683,3
944.6,381.7,1143233699,3
921.2,383.8,1143233725,3
880.6,384.9,1143233740,3
795.3,401.7,1143233756,3
869.8,438.8,1143233770,3
884.8,452.3,1143233785,3
876.6,446.9,1143233797,3
920.1,454.7,1143233808,3
919.4,453.3,1143233833,3
924.2,436.9,1143233855,3
923.1,420.7,1143233882,3
924.6,384.2,1143233897,3
927.5,384.0,1143233911,3
934.6,391.0,1143233920,3
925.6,420.1,1143233936,3
921.5,392.8,1143233964,3
912.5,345.4,1143233979,3
888.5,303.7,1143233995,3
920.9,414.0,1143234027,3
928.1,489.1,1143234041,3
884.4,409.2,1143234071,3
894.2,450.5,1143234084,3
947.6,470.8,1143234099,3
909.3,335.6,1143234114,3
899.1,432.2,1143234128,3
888.3,401.6,1143234174,3
865.5,280.7,1143234205,3
871.9,283.1,1143234220,3
891.1,308.1,1143234233,3
946.7,349.9,1143234249,3
912.4,309.8,1143234262,3
932.3,466.1,1143234278,3
951.1,460.2,1143234294,3
950.6,478.7,1143234326,3
951.1,460.2,1143234342,3
974.2,423.6,1143234356,3
969.5,138.1,1143234385,3
971.5,223.0,1143234410,3
981.7,226.4,1143234426,3
971.0,213.7,1143234443,3
970.1,324.5,1143234463,3
945.4,463.5,1143234491,3
940.6,-99.7,1143234519,3
939.0,-69.9,1143234537,3
925.5,-62.0,1143234565,3
918.4,251.3,1143234580,3
914.1,209.8,1143234625,3
945.2,-66.0,1143234655,3
936.6, 44.7,1143234670,3
999.7,435.1,1143234686,3
981.5,393.6,1143234704,3
954.7,351.6,1143234715,3
934.7,403.4,1143234729,3
932.5,328.0,1143234746,3
895.6,350.2,1143234777,3
914.6,230.3,1143234791,3
958.7,290.2,1143234805,3
992.3,279.2,1143234819,3
979.0, 24.0,1143234834,3
833.5, 58.0,1143234850,3
797.0,123.9,1143234869,3
770.0,110.2,1143234882,3
792.0, 41.8,1143234896,3
690.0, 47.7,1143234927,3
798.9,167.0,1143234940,3
1168.2,658.3,1143234954,3
1137.8,616.6,1143234972,3
1057.9,520.2,1143234985,3
1064.8,533.6,1143235002,3
879.2,285.9,1143235015,3
790.0,186.7,1143235047,3
721.2,260.0,1143235090,3
722.4,154.7,1143235106,3
1010.6,230.3,1143235384,3
800.9,102.6,1143235431,3
1081.5,471.8,1143235466,3
1159.7,561.4,1143235479,3
967.5,314.0,1143235488,3
973.7,313.7,1143235497,3
897.5,180.9,1143235540,3
897.9,221.5,1143235555,3
886.1,147.7,1143235584,3
895.3,168.8,1143235601,3
889.3,153.6,1143235630,3
882.0,134.5,1143235645,3
859.1, 64.7,1143235691,3
850.9, 17.8,1143235720,3
840.2,-41.8,1143235737,3
1471.7,576.1,1143235765,3
1060.9,192.2,1143235826,3
1125.0,287.4,1143235840,3
1048.1,244.2,1143235870,3
927.2, 73.4,1143235884,3
891.5, 61.2,1143235898,3
881.7, 68.6,1143235914,3
901.5,212.6,1143235929,3
882.5,198.7,1143235945,3
1119.6,666.6,1143235989,3
984.1,461.7,1143236005,3
1081.6,511.5,1143236034,3
1099.5,535.4,1143236052,3
1069.1,398.9,1143236065,3
1070.8,386.1,1143236079,3
1118.8,518.1,1143236095,3
1147.0,447.3,1143236125,3
1117.2,536.2,1143236143,3
1093.4,622.8,1143236154,3
1072.6,644.4,1143236186,3
1046.9,731.1,1143236204,3
1076.1,703.0,1143236240,3
1026.7,815.5,1143236257,3
1216.7,539.7,1143236293,3
1410.9,234.3,1143236310,3
1369.0,356.0,1143236329,3
1390.1,295.8,1143236342,3
1300.7,225.4,1143236352,3
1297.8,451.5,1143236368,3
1287.2,405.8,1143236378,3
1280.0,355.5,1143236426,3
1313.5,806.0,1143236460,3
1290.9,660.0,1143236470,3
1065.8,262.5,1143236486,3
1135.8,360.4,1143236502,3
1174.8,414.3,1143236517,3
1278.7,568.5,1143236546,3
1394.6,773.4,1143236578,3
1309.8,604.9,1143236593,3
1338.9,634.1,1143236607,3
1341.3,592.2,1143236622,3
1304.7,551.9,1143236639,3
1297.8,544.6,1143236653,3
1289.4,531.0,1143236667,3
1258.5,525.8,1143236685,3
1270.0,550.9,1143236698,3
1185.8,559.0,1143236732,3
1164.0,592.8,1143236746,3
1091.1,580.6,1143236758,3
1026.7,564.9,1143236774,3
1129.9,645.5,1143236786,3
1017.5,621.9,1143236802,3
1006.3,635.3,1143236818,3
1134.9,688.8,1143236832,3
1190.8,717.8,1143236876,3
1258.3,749.0,1143236893,3
1136.9,723.5,1143236912,3
1211.1,747.4,1143236924,3
1184.8,766.2,1143236938,3
1177.1,781.6,1143236951,3
1241.9,789.4,1143236993,3
1123.0,806.8,1143237060,3
1101.2,742.9,1143237072,3
1098.4,720.2,1143237090,3
1091.0,684.5,1143237102,3
1067.4,666.4,1143237117,3
1097.0,643.6,1143237134,3
1267.6,552.7,1143237178,3
1064.0,647.4,1143237187,3
1210.7,565.6,1143237205,3
1256.4,536.5,1143237223,3
1200.9,556.0,1143237233,3
1126.0,574.0,1143237254,3
1272.2,502.4,1143237268,3
1225.0,510.3,1143237278,3
1193.6,511.8,1143237295,3
1052.4,508.9,1143237342,3
1107.0,491.8,1143237358,3
1072.1,483.2,1143237385,3
1079.8,462.5,1143237404,3
1216.8,497.4,1143237430,3
1223.9,498.4,1143237449,3
1234.3,465.3,1143237475,3
1203.8,437.7,1143237493,3
1150.5,359.5,1143237522,3
1145.8,324.9,1143237541,3
1090.6,259.9,1143237551,3
1021.2,181.0,1143237567,3
1063.9,218.7,1143237582,3
1036.0,179.5,1143237599,3
1030.5,169.3,1143237629,3
1101.8,238.5,1143237658,3
1111.1,238.4,1143237673,3
1049.1,203.7,1143237685,3
1066.2,215.3,1143237703,3
1166.8,311.1,1143237719,3
1099.8,255.5,1143237730,3
1065.5,218.6,1143237745,3
1082.5,209.1,1143237776,3
1103.9,202.7,1143237792,3
1091.0,193.4,1143237808,3
1071.8,155.3,1143237823,3
1073.5,152.8,1143237836,3
1087.7,197.0,1143237852,3
1111.2,236.7,1143237881,3
1119.4,256.8,1143237899,3
1114.5,261.6,1143237931,3
1115.0,260.5,1143237943,3
1115.8,260.6,1143237956,3
1118.0,258.7,1143237973,3
1127.7,235.8,1143237988,3
1075.4,173.0,1143238001,3
1062.3,151.1,1143238017,3
1087.3,185.2,1143238033,3
1154.3,240.4,1143238077,3
1118.7,210.9,1143238091,3
1181.0,265.5,1143238108,3
1199.1,278.9,1143238122,3
1173.7,243.1,1143238138,3
1179.1,233.2,1143238153,3
1193.4,244.2,1143238168,3
1170.8,223.5,1143238180,3
1173.4,210.5,1143238198,3
1049.3,149.8,1143238241,3
1116.7,216.5,1143238260,3
1045.8,222.1,1143238288,3
1041.7,228.7,1143238305,3
910.5,335.3,1143238332,3
919.2,338.4,1143238351,3
902.6,353.4,1143238376,3
940.6,367.1,1143238393,3
992.2,391.8,1143238404,3
971.6,391.9,1143238420,3
1031.4,385.5,1143238438,3
955.6,341.1,1143238467,3
1021.3,353.5,1143238484,3
946.2,326.2,1143238529,3
1010.8,305.3,1143238541,3
954.5,174.9,1143238555,3
1041.9,182.5,1143238574,3
993.1, 96.2,1143238603,3
1044.9,149.0,1143238619,3
974.6, 57.5,1143238644,3
867.7,-63.7,1143238690,3
964.2, 21.9,1143238708,3
885.7,-135.3,1143238737,3
942.2,-69.3,1143238753,3
967.2,-61.8,1143238780,3
1013.5,  3.8,1143238799,3
969.3,-77.4,1143238828,3
1051.2, 17.9,1143238841,3
980.4,-92.4,1143238871,3
1027.3,-19.0,1143238888,3
953.7,-41.2,1143238901,3
1037.1, 97.5,1143238919,3
984.7, 27.6,1143238934,3
953.6,-11.3,1143238948,3
1022.8,119.1,1143238979,3
979.4, 39.2,1143238990,3
997.1, 56.3,1143239009,3
1009.3, 69.6,1143239023,3
951.6,-55.0,1143239036,3
996.2,  7.7,1143239052,3
1012.4, 33.2,1143239068,3
1082.1,147.6,1143239099,3
941.6,-115.7,1143239126,3
939.7,-119.2,1143239143,3
989.7,-23.5,1143239158,3
974.4,-55.5,1143239188,3
1043.3, 62.8,1143239204,3
1128.4,203.9,1143239232,3
1117.0,212.9,1143239248,3
1100.1,184.8,1143239279,3
1088.4,185.8,1143239293,3
1096.5,188.6,1143239305,3
1090.0,187.2,1143239322,3
1092.7,208.7,1143239338,3
1003.5,117.2,1143239352,3
1003.6,121.6,1143239367,3
1031.0,147.5,1143239383,3
1068.4,163.7,1143239427,3
1089.6,146.0,1143239457,3
1082.6,142.3,1143239474,3
1084.1,150.7,1143239503,3
1087.9,155.6,1143239518,3
1085.6,159.1,1143239549,3
1086.2,160.0,1143239577,3
1086.0,161.4,1143239592,3
1055.5,185.3,1143239609,3
1121.0,302.5,1143239620,3
1128.3,326.9,1143239637,3
1063.3,267.3,1143239653,3
1017.0,230.6,1143239681,3
970.6,206.3,1143239700,3
944.4,143.1,1143239728,3
946.0,136.6,1143239737,3
969.0,137.8,1143239777,3
976.6,139.9,1143239794,3
988.5,132.7,1143239803,3
1013.5,113.2,1143239816,3
1041.6,177.9,1143239831,3
1039.4,185.6,1143239848,3
1022.2,165.6,1143239877,3
986.0,140.6,1143239892,3
1005.1,177.2,1143239906,3
980.9,148.5,1143239922,3
965.4,126.9,1143239937,3
964.8,139.2,1143239952,3
960.3,133.7,1143239968,3
974.3,270.0,1143239980,3
964.7,188.2,1143239999,3
987.9,357.4,1143240039,3
1039.6,324.4,1143240059,3
1060.9,343.3,1143240070,3
1119.1,414.6,1143240085,3
1155.7,479.8,1143240101,3
1180.0,495.1,1143240130,3
1188.6,515.5,1143240148,3
1185.1,502.7,1143240190,3
1184.5,503.6,1143240205,3
970.4,343.3,1143240235,3
815.0,213.9,1143240249,3
938.6,302.2,1143240264,3
952.7,288.9,1143240280,3
925.7,262.4,1143240328,3
819.2,222.9,1143240340,3
978.2,189.5,1143240372,3
946.8,139.2,1143240386,3
949.1,244.0,1143240416,3
859.2,230.0,1143240435,3
840.8,244.0,1143240482,3
869.2,297.3,1143240499,3
936.6,343.0,1143240518,3
824.5,433.1,1143240548,3
883.8,412.5,1143240566,3
833.2,430.8,1143240606,3
817.1,377.6,1143240638,3
857.2,377.2,1143240661,3
827.5,377.7,1143240676,3
912.1,379.8,1143240697,3
886.3,367.2,1143240727,3
962.0,371.2,1143240746,3
826.3,388.9,1143240795,3
792.3,391.1,1143240811,3
826.7,391.8,1143240832,3
789.1,333.3,1143240869,3
777.2,319.4,1143240901,3
707.5,273.6,1143240947,3
771.5,299.9,1143240969,3
768.8,282.3,1143240983,3
726.6,264.2,1143240999,3
847.6,326.7,1143241023,3
789.9,282.4,1143241038,3
840.3,298.0,1143241055,3
851.2,293.5,1143241086,3
920.3,320.7,1143241106,3
1056.7,367.1,1143241120,3
1062.7,340.7,1143241136,3
1030.1,308.1,1143241151,3
1025.6,308.6,1143241165,3
1016.0,298.6,1143241181,3
1001.6,279.4,1143241200,3
884.1,186.1,1143241231,3
777.2,686.0,1143241525,3
909.4,550.9,1143241540,3
958.5,488.9,1143241552,3
988.8,470.3,1143241569,3
1060.7,498.6,1143241585,3
1038.0,498.3,1143241600,3
1054.7,496.2,1143241618,3
1092.4,514.9,1143241631,3
1094.9,508.5,1143241646,3
1122.6,519.4,1143241678,3
1124.3,523.8,1143241690,3
1017.6,446.0,1143241721,3
1013.9,436.4,1143241734,3
1003.0,426.8,1143241764,3
993.8,428.3,1143241782,3
998.3,423.0,1143241795,3
995.0,379.4,1143241826,3
1080.4,592.1,1143241839,3
1113.6,523.9,1143241855,3
1123.7,537.6,1143241870,3
1142.9,578.8,1143241886,3
1080.8,540.6,1143241902,3
1086.4,551.0,1143241915,3
1042.2,431.6,1143241930,3
1050.1,465.0,1143241948,3
1022.8,423.5,1143241974,3
1028.4,435.0,1143241989,3
1025.1,429.1,1143242004,3
1035.5,509.5,1143242018,3
1102.1,670.0,1143242035,3
1084.6,630.8,1143242051,3
1074.7,612.5,1143242064,3
1135.0,683.3,1143242081,3
1134.6,691.6,1143242126,3
876.4,500.5,1143242155,3
893.7,512.7,1143242171,3
882.8,510.9,1143242184,3
908.2,524.3,1143242216,3
1114.6,694.3,1143242243,3
857.4,284.0,1143242303,3
765.6,143.8,1143242326,3
723.7, 83.8,1143242344,3
893.6,268.6,1143242363,3
839.9,171.2,1143242374,3
934.1,269.8,1143242385,3
882.9,206.4,1143242398,3
912.2,234.8,1143242425,3
1005.6,342.2,1143242441,3
951.9,267.4,1143242454,3
994.3,316.2,1143242470,3
1107.1,323.4,1143242487,3
1079.0,385.8,1143242501,3
1063.4,348.2,1143242515,3
1065.7,348.5,1143242533,3
1036.4,279.1,1143242544,3
1017.4,284.4,1143242578,3
998.5,217.3,1143242589,3
987.5, 90.7,1143242604,3
1027.9,129.9,1143242621,3
1048.1,140.8,1143242635,3
1099.8,227.4,1143242652,3
1100.7,243.6,1143242669,3
1081.2,229.6,1143242680,3
1056.2,213.0,1143242698,3
986.4,230.4,1143242724,3
972.0,234.7,1143242740,3
999.0,282.1,1143242756,3
1006.2,300.0,1143242773,3
986.1,277.8,1143242786,3
987.1,282.3,1143242803,3
986.2,285.3,1143242834,3
1031.6,364.3,1143242848,3
1029.8,319.9,1143242873,3
1031.9,322.4,1143242886,3
1029.1,356.7,1143242898,3
1025.1,359.1,1143242926,3
1021.7,354.7,1143242942,3
1009.1,334.7,1143242957,3
966.8,278.7,1143242972,3
976.8,301.8,1143242987,3
936.4,231.6,1143243003,3
931.4,235.4,1143243032,3
1033.4,283.7,1143243060,3
1077.8,304.8,1143243077,3
1087.9,305.8,1143243093,3
984.0,267.5,1143243109,3
1005.1,297.0,1143243133,3
986.0,288.3,1143243152,3
1010.7,296.1,1143243186,3
1032.8,302.7,1143243202,3
1105.9,336.8,1143243229,3
1083.2,333.6,1143243252,3
1034.4,309.0,1143243266,3
986.7,235.1,1143243284,3
981.1,245.0,1143243300,3
971.2,243.0,1143243329,3
1026.1,310.7,1143243345,3
1197.4,410.0,1143243355,3
1157.5,347.4,1143243372,3
1113.1,308.8,1143243393,3
1042.5,227.7,1143243407,3
1085.7,226.4,1143243419,3
1107.5,244.6,1143243431,3
1126.8,290.4,1143243444,3
1196.7,440.4,1143243475,3
1167.2,501.9,1143243488,3
1156.0,500.6,1143243503,3
1098.5,449.6,1143243518,3
1133.7,523.2,1143243533,3
1039.7,334.1,1143243548,3
1053.4,391.4,1143243564,3
798.9,253.2,1143243652,3
802.7,292.4,1143243671,3
969.0,432.4,1143243710,3
875.3,351.0,1143243726,3
893.1,225.5,1143243744,3
942.0,330.1,1143243759,3
956.0,328.6,1143243777,3
1035.5,473.4,1143243792,3
1006.1,409.1,1143243802,3
1018.2,419.1,1143243820,3
1078.4,503.2,1143243837,3
1081.7,512.1,1143243864,3
1087.9,524.2,1143243880,3
1115.9,563.6,1143243926,3
1150.6,573.9,1143243956,3
1141.6,552.5,1143243972,3
1113.6,494.8,1143244000,3
1121.9,449.0,1143244017,3
1100.1,321.3,1143244043,3
1177.1,420.9,1143244088,3
1188.7,521.4,1143244104,3
1159.5,566.1,1143244119,3
1167.4,558.4,1143244134,3
1092.1,606.5,1143244180,3
832.9,516.8,1143244223,3
399.4, 73.7,1143244458,3
815.7,380.0,1143244503,3
915.7,410.0,1143244541,3
956.2,381.5,1143244562,3
966.4,380.5,1143244578,3
957.6,380.2,1143244595,3
833.5,321.4,1143244616,3
886.1,270.0,1143244631,3
965.0,261.1,1143244647,3
1001.8,244.2,1143244659,3
1054.2,271.0,1143244682,3
1085.0,308.1,1143244693,3
1112.2,372.8,1143244706,3
1179.7,391.4,1143244721,3
1178.1,428.8,1143244737,3
1169.1,420.5,1143244750,3
1138.5,432.4,1143244780,3
1167.0,421.5,1143244784,3
1112.1,428.6,1143244797,3
1109.1,425.2,1143244821,3
1074.9,425.6,1143244842,3
1127.1,425.6,1143244861,3
1133.0,433.9,1143244878,3
1485.6,696.0,1143248888,4
1480.9,703.5,1143248921,4
1479.1,715.7,1143248932,4
1462.3,734.3,1143248967,4
1460.8,731.7,1143248978,4
1442.6,749.5,1143249023,4
1432.6,747.7,1143249039,4
1433.2,744.2,1143249055,4
1433.8,741.3,1143249069,4
1433.1,737.5,1143249084,4
1433.8,737.1,1143249101,4
1534.1,702.3,1143249113,4
1613.6,673.2,1143249130,4
1437.8,689.0,1143249146,4
1468.1,682.0,1143249198,4
1427.0,700.0,1143249213,4
1705.5,669.3,1143249236,4
1719.5,665.9,1143249248,4
1474.9,723.4,1143249263,4
1364.0,736.9,1143249280,4
1513.4,699.9,1143249294,4
1392.7,670.6,1143249328,4
1433.3,672.3,1143249337,4
1415.5,680.3,1143249353,4
1344.6,712.0,1143249372,4
1445.0,678.8,1143249385,4
1424.7,715.0,1143249417,4
1471.5,720.3,1143249428,4
1448.2,734.2,1143249445,4
1474.8,724.9,1143249474,4
1411.5,714.3,1143249488,4
1473.0,723.7,1143249505,4
1455.8,726.3,1143249517,4
1260.6,752.8,1143249534,4
1270.8,744.7,1143249550,4
1507.7,694.8,1143249562,4
1437.7,700.4,1143249579,4
1424.2,702.3,1143249595,4
1337.3,707.6,1143249678,4
928.3,739.9,1143250009,4
1078.3,353.1,1143250043,4
1063.9,499.1,1143250060,4
1073.9,397.5,1143250095,4
1051.3,538.1,1143250127,4
1059.5,520.2,1143250146,4
1088.5,530.1,1143250164,4
1213.4,572.7,1143250183,4
1363.5,548.2,1143250200,4
1325.8,574.4,1143250227,4
1457.1,529.1,1143250238,4
1507.5,557.7,1143250254,4
1515.5,568.0,1143250270,4
1438.5,606.3,1143250282,4
1289.5,619.7,1143250299,4
1398.3,621.5,1143250316,4
1365.0,616.8,1143250328,4
1268.3,622.6,1143250343,4
1197.4,625.5,1143250373,4
1125.6,629.1,1143250390,4
1132.9,631.0,1143250407,4
1151.6,627.9,1143250418,4
1330.1,603.6,1143250434,4
1360.4,607.1,1143250451,4
1530.0,589.5,1143250463,4
1471.5,598.1,1143250482,4
1427.1,614.8,1143250499,4
1344.5,662.9,1143250527,4
1329.5,681.8,1143250546,4
1244.1,682.1,1143250558,4
1305.4,689.6,1143250570,4
1263.9,683.7,1143250587,4
1254.4,684.0,1143250601,4
1170.7,675.7,1143250614,4
1155.5,675.8,1143250631,4
1175.3,681.9,1143250644,4
1236.2,695.8,1143250677,4
1287.0,718.4,1143250687,4
1187.0,695.8,1143250702,4
1194.7,699.5,1143250721,4
1272.2,702.8,1143250733,4
1216.5,702.1,1143250748,4
1242.6,701.8,1143250765,4
1283.8,681.7,1143250777,4
1262.7,678.9,1143250793,4
1472.2,667.9,1143250826,4
1432.2,668.2,1143250841,4
1425.2,640.9,1143250857,4
1423.7,642.0,1143250868,4
1317.2,627.1,1143250884,4
1263.4,621.7,1143250899,4
1255.4,626.6,1143250913,4
1152.7,623.7,1143250929,4
1160.1,618.9,1143250947,4
1120.3,589.4,1143250975,4
1151.6,601.2,1143250994,4
1299.3,576.9,1143251004,4
1282.2,573.6,1143251018,4
1239.3,562.1,1143251035,4
1289.9,589.9,1143251052,4
1173.7,568.0,1143251063,4
1195.4,576.7,1143251080,4
1324.2,576.4,1143251094,4
1304.5,609.5,1143251129,4
1300.8,597.2,1143251139,4
1146.9,568.0,1143251153,4
1171.0,571.5,1143251170,4
1179.5,576.5,1143251183,4
1125.0,572.1,1143251199,4
1152.8,585.1,1143251216,4
1233.7,591.4,1143251229,4
1281.7,598.2,1143251243,4
1326.2,607.3,1143251274,4
1317.2,578.0,1143251290,4
1317.6,568.1,1143251307,4
1295.0,550.9,1143251318,4
1243.9,532.1,1143251334,4
1215.0,521.1,1143251350,4
1238.9,514.5,1143251363,4
1204.4,497.4,1143251381,4
1200.8,494.2,1143251398,4
1025.2,488.5,1143251424,4
1095.6,490.2,1143251442,4
1208.2,495.2,1143251454,4
1242.9,497.6,1143251469,4
1262.4,507.2,1143251489,4
1329.9,511.9,1143251498,4
1296.7,509.8,1143251512,4
1299.7,505.4,1143251531,4
1436.8,522.2,1143251545,4
1456.9,532.6,1143251577,4
1447.7,541.5,1143251587,4
1429.0,512.3,1143251605,4
1333.4,272.6,1143251620,4
1388.2,123.3,1143251895,4
1165.5,137.6,1143251942,4
1165.0,537.8,1143251974,4
1167.9,710.5,1143251991,4
1151.4,612.3,1143252008,4
1146.8,582.0,1143252047,4
1140.1,339.2,1143252062,4
1144.7,329.3,1143252073,4
1151.8,332.7,1143252084,4
1176.5,326.0,1143252099,4
1156.8,323.6,1143252116,4
1154.6,316.6,1143252129,4
1133.1,292.0,1143252144,4
1072.8,236.5,1143252176,4
1094.1,257.7,1143252190,4
1101.9,289.1,1143252207,4
1092.1,254.2,1143252220,4
1129.3,320.3,1143252236,4
1121.5,297.5,1143252250,4
1148.6,196.5,1143252266,4
1146.6,224.8,1143252281,4
1158.3,206.4,1143252297,4
1167.6,237.5,1143252326,4
1157.0,359.2,1143252342,4
1097.4,378.5,1143252355,4
1122.2,413.4,1143252371,4
1121.0,442.9,1143252388,4
1054.6,464.5,1143252399,4
1062.9,483.2,1143252415,4
1075.8,481.0,1143252432,4
1046.1,489.3,1143252446,4
1076.1,500.1,1143252477,4
1053.8,492.8,1143252489,4
1082.4,498.8,1143252504,4
1101.2,504.1,1143252521,4
1059.6,490.7,1143252534,4
1087.2,487.3,1143252550,4
1113.9,479.1,1143252566,4
1109.8,468.4,1143252580,4
1147.4,477.3,1143252597,4
1157.5,472.8,1143252623,4
1184.5,475.8,1143252639,4
1246.5,475.1,1143252657,4
1221.9,480.6,1143252668,4
1201.0,474.4,1143252684,4
1222.9,478.3,1143252701,4
1191.3,483.1,1143252713,4
1193.9,493.0,1143252729,4
1188.8,494.8,1143252746,4
1199.7,511.7,1143252777,4
1187.4,503.0,1143252791,4
1156.3,483.1,1143252820,4
1156.0,478.2,1143252837,4
1153.7,474.8,1143252848,4
1154.5,469.5,1143252865,4
1217.9,480.4,1143252882,4
1246.9,482.8,1143252894,4
1270.3,487.1,1143252926,4
1219.4,469.7,1143252939,4
1176.6,457.0,1143252954,4
1206.0,467.2,1143252971,4
1140.1,437.5,1143252984,4
1150.8,432.4,1143252999,4
1162.2,437.7,1143253016,4
1158.3,439.0,1143253028,4
1153.6,445.9,1143253044,4
1083.4,420.7,1143253074,4
1078.5,403.0,1143253090,4
1072.7,398.7,1143253108,4
1077.0,397.0,1143253118,4
1090.8,320.9,1143253136,4
1097.2,302.1,1143253155,4
1104.7,311.0,1143253168,4
1106.8,303.7,1143253177,4
1107.4,299.4,1143253190,4
1217.2,386.7,1143253220,4
1267.7,444.3,1143253236,4
1223.4,380.3,1143253250,4
1226.2,351.3,1143253264,4
1259.5,354.6,1143253279,4
1250.7,345.9,1143253299,4
1225.1,304.1,1143253316,4
1274.7,383.7,1143253337,4
1230.5,373.2,1143253349,4
1213.1,354.9,1143253380,4
1177.1,351.9,1143253394,4
1160.7,340.1,1143253408,4
1150.5,316.3,1143253423,4
1134.9,276.9,1143253436,4
1212.0,337.8,1143253454,4
1217.9,336.2,1143253469,4
1218.6,337.2,1143253481,4
1247.6,320.2,1143253499,4
1247.6,319.0,1143253529,4
1237.9,286.7,1143253543,4
1204.7,221.3,1143253557,4
1054.1,238.0,1143253603,4
1306.1,582.8,1143253990,4
1271.1,363.5,1143254006,4
1201.3,374.9,1143254017,4
1150.0,377.4,1143254036,4
1136.3,365.4,1143254050,4
1124.3,366.0,1143254064,4
1172.7,377.6,1143254080,4
1151.2,424.1,1143254097,4
1141.1,399.8,1143254127,4
1131.4,433.4,1143254143,4
1122.0,450.3,1143254154,4
1109.9,465.2,1143254170,4
1107.7,467.0,1143254190,4
1109.2,469.9,1143254200,4
1111.4,484.9,1143254216,4
1091.5,465.9,1143254232,4
1078.4,461.0,1143254245,4
1072.8,453.4,1143254276,4
1089.2,465.8,1143254288,4
1041.3,415.6,1143254307,4
1115.1,467.9,1143254323,4
1139.5,481.8,1143254333,4
1144.9,479.0,1143254350,4
1066.7,458.1,1143254367,4
1079.4,460.7,1143254373,4
1086.6,461.1,1143254389,4
1134.6,466.5,1143254429,4
1137.4,474.6,1143254447,4
1165.4,483.6,1143254464,4
1180.3,487.5,1143254479,4
1146.1,483.8,1143254497,4
1133.5,483.5,1143254517,4
1125.2,484.3,1143254534,4
1123.1,484.8,1143254553,4
1124.8,487.5,1143254581,4
1123.9,488.2,1143254598,4
1109.3,503.4,1143254615,4
1101.6,512.0,1143254631,4
1101.3,510.2,1143254650,4
1098.5,511.1,1143254672,4
1096.3,506.0,1143254691,4
1093.7,502.3,1143254709,4
1094.2,500.6,1143254738,4
1100.0,505.0,1143254754,4
1111.3,515.1,1143254776,4
1115.6,513.1,1143254789,4
1118.9,512.6,1143254809,4
1118.0,509.3,1143254825,4
1121.7,502.3,1143254839,4
1121.5,500.8,1143254852,4
1115.0,493.5,1143254884,4
1099.7,484.6,1143254899,4
1063.3,477.0,1143254917,4
1061.1,476.6,1143254934,4
1083.5,505.8,1143254950,4
1107.1,515.9,1143254968,4
1129.9,521.4,1143254984,4
1092.6,509.8,1143255001,4
1027.0,509.8,1143255025,4
1009.1,497.0,1143255040,4
1086.6,506.4,1143255054,4
1094.1,506.4,1143255070,4
1124.5,500.0,1143255086,4
1125.0,487.1,1143255096,4
1170.5,469.5,1143255113,4
1163.7,462.0,1143255130,4
1132.1,482.7,1143255143,4
1178.5,452.2,1143255176,4
1166.2,452.9,1143255188,4
1181.0,459.7,1143255203,4
1187.7,472.3,1143255217,4
1178.6,471.2,1143255233,4
1158.7,469.8,1143255249,4
1172.3,481.8,1143255264,4
1162.9,483.2,1143255277,4
1137.3,476.0,1143255294,4
1207.2,485.6,1143255325,4
1193.1,483.2,1143255340,4
1200.5,477.3,1143255356,4
1170.0,461.6,1143255367,4
1113.9,428.0,1143255384,4
1083.4,408.1,1143255399,4
1084.3,400.7,1143255412,4
1091.6,385.9,1143255429,4
1103.3,375.2,1143255445,4
1097.0,376.2,1143255475,4
1094.3,375.5,1143255491,4
1094.7,376.4,1143255503,4
1101.0,378.2,1143255519,4
1098.5,381.6,1143255534,4
1098.3,386.5,1143255548,4
1107.9,398.8,1143255563,4
1107.2,397.2,1143255578,4
1109.9,398.1,1143255594,4
1108.2,403.3,1143255624,4
1033.6,358.1,1143255641,4
1139.3,578.4,1143255931,4
1394.4,356.0,1143255949,4
1302.2,345.0,1143255964,4
1276.7,439.2,1143255972,4
1267.6,449.8,1143255986,4
1258.5,431.3,1143255997,4
1260.3,432.4,1143256014,4
1254.3,429.2,1143256030,4
1263.4,453.6,1143256045,4
1251.3,445.0,1143256076,4
1246.5,470.3,1143256090,4
1248.6,518.0,1143256106,4
1248.8,522.2,1143256123,4
1248.4,523.2,1143256134,4
1255.0,563.1,1143256149,4
1222.3,547.4,1143256165,4
1204.5,542.3,1143256180,4
1151.7,523.4,1143256197,4
1162.7,524.2,1143256224,4
1155.0,517.5,1143256239,4
1210.4,514.2,1143256258,4
1276.4,520.4,1143256268,4
1285.2,519.8,1143256283,4
1275.0,509.7,1143256300,4
1287.5,522.5,1143256313,4
1219.0,458.2,1143256328,4
1213.1,462.5,1143256346,4
1175.2,419.8,1143256375,4
1181.7,434.3,1143256393,4
1168.5,416.9,1143256404,4
1169.2,422.9,1143256420,4
1316.8,517.5,1143256437,4
1343.9,520.0,1143256449,4
1368.2,522.2,1143256465,4
1374.4,520.0,1143256483,4
1346.4,522.6,1143256496,4
1352.3,518.0,1143256527,4
1330.4,519.8,1143256541,4
1311.8,528.3,1143256559,4
1316.8,521.8,1143256572,4
1338.3,511.0,1143256584,4
1340.5,502.7,1143256597,4
1327.7,480.5,1143256618,4
1320.6,559.2,1143256631,4
1225.6,605.8,1143256647,4
1236.8,632.4,1143256676,4
1189.9,683.4,1143256692,4
1192.9,685.6,1143256707,4
1253.6,696.7,1143256721,4
1272.5,710.9,1143256736,4
1305.9,715.1,1143256752,4
1374.1,704.8,1143256764,4
1286.1,723.9,1143256779,4
1320.8,700.9,1143256797,4
1340.7,767.0,1143256824,4
1270.1,735.8,1143256843,4
1284.0,742.7,1143256852,4
1173.2,740.9,1143256868,4
1191.3,718.7,1143256886,4
1227.7,729.4,1143256898,4
1116.2,647.9,1143256914,4
1155.7,630.9,1143256930,4
1225.5,633.5,1143256943,4
1523.0,641.5,1143256977,4
1466.9,639.7,1143256989,4
1419.0,647.1,1143257005,4
1375.6,656.8,1143257016,4
1291.5,648.8,1143257028,4
1243.2,649.4,1143257044,4
1296.4,656.8,1143257059,4
1292.1,633.6,1143257071,4
1179.0,605.0,1143257089,4
1206.3,601.6,1143257130,4
1064.6,571.5,1143257147,4
1134.5,590.7,1143257165,4
1162.7,582.2,1143257181,4
1061.9,572.9,1143257198,4
1035.2,567.4,1143257220,4
1027.0,568.8,1143257228,4
1106.5,589.5,1143257244,4
1212.1,611.0,1143257276,4
1184.4,602.7,1143257292,4
1352.5,628.1,1143257302,4
1374.3,639.4,1143257323,4
1374.2,656.5,1143257337,4
1386.5,699.4,1143257350,4
1386.7,718.0,1143257366,4
1382.5,739.8,1143257382,4
1361.1,747.8,1143257394,4
1372.2,767.4,1143257426,4
1360.6,759.6,1143257438,4
1354.6,755.6,1143257470,4
1341.8,753.2,1143257483,4
1323.6,748.6,1143257499,4
1312.4,742.8,1143257515,4
1312.4,743.2,1143257527,4
1347.4,752.8,1143257544,4
1370.1,761.8,1143257573,4
1415.7,773.9,1143257593,4
1432.0,774.7,1143257608,4
1485.9,767.3,1143257619,4
1584.7,757.2,1143257637,4
1509.3,766.6,1143257654,4
1495.2,769.2,1143257665,4
1485.4,774.2,1143257681,4
1471.7,779.6,1143257699,4
1418.4,791.1,1143257726,4
1415.8,787.6,1143257743,4
1415.4,783.0,1143257753,4
1414.0,780.3,1143257770,4
1413.5,777.5,1143257788,4
1413.0,776.8,1143257798,4
1411.5,771.1,1143257813,4
1411.6,771.1,1143257831,4
1417.9,764.8,1143257842,4
1426.1,739.2,1143257877,4
1427.4,734.3,1143257891,4
1438.8,738.9,1143257906,4
1431.6,739.6,1143257924,4
1437.2,738.5,1143257934,4
1452.5,738.7,1143257949,4
1446.2,737.7,1143257965,4
1439.9,732.2,1143257976,4
1375.2,714.8,1143257994,4
1359.2,708.7,1143258024,4
1387.1,714.7,1143258040,4
1379.8,724.2,1143258057,4
1311.2,701.4,1143258068,4
1304.4,708.0,1143258083,4
1280.5,714.8,1143258099,4
955.8,609.4,1143258378,4
987.0,739.4,1143258421,4
983.3,720.0,1143258433,4
1021.8,699.5,1143258446,4
1110.4,649.8,1143258473,4
1161.8,592.9,1143258491,4
1175.6,583.7,1143258505,4
1203.8,584.7,1143258518,4
1062.8,671.1,1143258537,4
1093.5,663.0,1143258553,4
1112.5,656.8,1143258564,4
1130.6,643.1,1143258579,4
1124.0,645.6,1143258594,4
1233.8,592.1,1143258624,4
1264.0,614.6,1143258639,4
1310.7,620.1,1143258653,4
1437.9,608.7,1143258669,4
1276.1,655.7,1143258686,4
1374.4,639.4,1143258698,4
1430.9,627.4,1143258714,4
1361.9,638.2,1143258730,4
1330.0,636.4,1143258742,4
1331.7,608.0,1143258777,4
1294.9,551.7,1143258788,4
1235.4,533.4,1143258803,4
1185.1,471.3,1143258821,4
1233.3,491.2,1143258833,4
1237.0,412.0,1143258849,4
1382.5,456.2,1143258865,4
1431.7,448.8,1143258878,4
1459.1,431.8,1143258894,4
1443.8,411.5,1143258925,4
1442.7,470.2,1143258941,4
1408.2,499.8,1143258957,4
1397.3,515.9,1143258971,4
1390.1,551.1,1143258987,4
1382.3,572.5,1143259002,4
1386.4,573.2,1143259015,4
1345.3,625.1,1143259048,4
1295.2,651.1,1143259075,4
1267.1,637.4,1143259092,4
1266.1,618.3,1143259104,4
1263.4,614.9,1143259120,4
1262.6,616.4,1143259136,4
1331.4,648.3,1143259148,4
1375.6,668.6,1143259164,4
1301.8,635.7,1143259180,4
1296.2,632.6,1143259195,4
1324.3,642.4,1143259225,4
1499.5,681.7,1143259239,4
1486.2,675.4,1143259254,4
1433.8,647.5,1143259272,4
1373.9,616.7,1143259284,4
1376.4,605.1,1143259299,4
1349.5,591.1,1143259317,4
1340.3,589.6,1143259328,4
1332.8,618.8,1143259345,4
1329.1,596.6,1143259374,4
1330.6,631.0,1143259390,4
1300.7,644.3,1143259407,4
1308.1,648.8,1143259418,4
1196.7,672.9,1143259434,4
1192.1,673.1,1143259452,4
1206.0,672.0,1143259462,4
1161.5,649.4,1143259478,4
1180.4,649.9,1143259494,4
1154.1,649.7,1143259523,4
1189.4,649.4,1143259541,4
1193.0,654.5,1143259553,4
1212.7,660.1,1143259569,4
1208.4,661.1,1143259587,4
1246.6,655.5,1143259598,4
1319.6,625.9,1143259614,4
1257.3,612.1,1143259632,4
1292.5,608.8,1143259647,4
1368.2,603.6,1143259675,4
1402.1,606.7,1143259687,4
1318.6,589.8,1143259705,4
1417.8,602.5,1143259722,4
1513.2,604.4,1143259733,4
1531.9,600.0,1143259749,4
1446.9,580.2,1143259766,4
1492.1,594.1,1143259778,4
1279.8,534.1,1143259794,4
1357.9,546.1,1143259823,4
1374.1,544.4,1143259837,4
1441.0,532.0,1143259855,4
1586.0,580.1,1143259870,4
1519.2,547.6,1143259885,4
1541.1,556.0,1143259900,4
1520.4,555.7,1143259912,4
1464.5,544.3,1143259928,4
1432.5,546.8,1143259944,4
1263.9,514.9,1143259974,4
1297.1,561.8,1143259990,4
1209.3,543.4,1143260002,4
1125.2,648.7,1143260018,4
1195.3,631.9,1143260035,4
1204.1,624.4,1143260046,4
1107.7,621.2,1143260064,4
1138.9,618.0,1143260082,4
1236.5,611.5,1143260094,4
1317.9,604.9,1143260125,4
1310.5,606.7,1143260138,4
1299.5,608.5,1143260152,4
1238.1,616.3,1143260170,4
1238.6,586.8,1143260182,4
1125.2,596.1,1143260201,4
1141.3,588.2,1143260216,4
1171.5,585.6,1143260228,4
1111.6,583.5,1143260245,4
1196.4,581.9,1143260274,4
1203.8,579.0,1143260287,4
1212.9,584.8,1143260304,4
1225.7,601.3,1143260318,4
1205.8,605.2,1143260334,4
1197.9,612.2,1143260351,4
1200.2,614.1,1143260364,4
1168.6,612.4,1143260377,4
1148.8,609.3,1143260395,4
1133.9,593.0,1143260423,4
1146.4,592.4,1143260440,4
1136.8,581.8,1143260453,4
1129.2,581.6,1143260467,4
1145.0,562.9,1143260485,4
1182.2,557.2,1143260498,4
1214.1,564.8,1143260514,4
1218.1,565.1,1143260532,4
1241.6,576.3,1143260544,4
1244.8,538.7,1143260577,4
1250.9,519.0,1143260588,4
1249.9,520.5,1143260603,4
1146.8,501.4,1143260620,4
1171.3,500.0,1143260635,4
1276.3,508.8,1143260652,4
1216.9,496.4,1143260667,4
1217.0,487.9,1143260679,4
1295.3,472.3,1143260696,4
1320.4,449.6,1143260726,4
1415.8,455.5,1143260741,4
1359.5,535.5,1143260757,4
1351.6,539.0,1143260769,4
1363.6,512.7,1143260785,4
1297.1,498.3,1143260804,4
1290.1,531.7,1143260814,4
1309.3,553.0,1143260831,4
1438.8,595.3,1143260849,4
1285.3,616.7,1143260876,4
1303.2,612.0,1143260892,4
1341.7,609.4,1143260904,4
1514.1,584.7,1143260919,4
1412.8,548.9,1143260936,4
1342.9,534.6,1143260949,4
1176.4,588.0,1143260963,4
1203.3,595.1,1143260980,4
1192.8,586.9,1143260994,4
1179.1,597.1,1143261027,4
1125.9,614.1,1143261039,4
1373.9,596.5,1143261055,4
1358.8,596.7,1143261073,4
1348.1,610.2,1143261084,4
1272.7,652.2,1143261099,4
1284.1,663.8,1143261116,4
1310.2,657.3,1143261129,4
1287.8,694.1,1143261145,4
1342.0,679.1,1143261174,4
1498.5,636.9,1143261190,4
1437.0,628.7,1143261207,4
1380.7,642.2,1143261220,4
1284.5,640.7,1143261236,4
1139.0,670.3,1143261254,4
1244.4,652.3,1143261266,4
1356.7,645.7,1143261282,4
1358.3,582.7,1143261298,4
1356.1,570.4,1143261324,4
1333.7,581.5,1143261342,4
1344.3,578.0,1143261355,4
1330.8,566.7,1143261371,4
1379.9,558.1,1143261390,4
1379.9,559.1,1143261400,4
1381.3,559.1,1143261417,4
1396.9,547.9,1143261431,4
1394.5,545.0,1143261444,4
1407.2,542.2,1143261478,4
1403.9,545.2,1143261489,4
1394.6,539.8,1143261502,4
1399.7,528.0,1143261519,4
1568.6,538.9,1143261533,4
1239.5,502.3,1143261547,4
1382.8,510.3,1143261564,4
1512.2,518.5,1143261580,4
1462.5,501.6,1143261594,4
1490.9,507.7,1143261624,4
1479.3,504.2,1143261640,4
1525.4,513.2,1143261656,4
1526.0,517.2,1143261667,4
1454.2,526.3,1143261682,4
1410.9,530.6,1143261700,4
1363.1,552.1,1143261712,4
937.6,882.2,1143261999,4
951.5,751.3,1143262074,4
951.5,751.3,1143262090,4
1187.4,805.1,1143262132,4
1259.1,593.4,1143262150,4
1397.1,511.2,1143262162,4
1360.0,521.1,1143262178,4
1297.4,518.7,1143262195,4
1318.5,512.7,1143262248,4
1285.2,529.3,1143262267,4
1216.5,561.7,1143262284,4
1183.8,565.7,1143262306,4
1035.3,606.4,1143262324,4
1098.3,601.8,1143262335,4
1269.4,574.9,1143262345,4
1415.5,575.8,1143262378,4
1351.9,490.2,1143262388,4
1273.7,447.0,1143262403,4
1304.0,450.2,1143262418,4
1336.4,487.4,1143262435,4
1286.6,495.3,1143262450,4
1316.3,497.6,1143262467,4
1312.6,498.8,1143262479,4
1311.4,436.4,1143262494,4
1311.8,507.2,1143262523,4
1166.8,588.4,1143262539,4
1174.9,570.8,1143262554,4
1226.8,599.6,1143262567,4
1227.3,613.1,1143262583,4
1309.3,544.7,1143262601,4
1293.4,561.4,1143262613,4
1316.5,542.8,1143262630,4
1410.5,532.9,1143262648,4
1376.7,553.8,1143262677,4
1416.3,536.7,1143262692,4
1387.8,562.2,1143262703,4
1459.1,535.5,1143262721,4
1452.9,524.4,1143262737,4
1401.6,512.6,1143262748,4
1244.5,604.6,1143262765,4
1270.4,564.5,1143262783,4
1292.1,526.0,1143262794,4
1337.1,521.1,1143262827,4
1351.0,518.4,1143262837,4
1336.1,518.6,1143262852,4
1342.5,514.3,1143262870,4
1340.7,519.6,1143262883,4
1342.5,517.0,1143262899,4
1342.6,537.5,1143262915,4
1349.9,547.6,1143262930,4
1341.1,553.5,1143262947,4
1337.2,561.9,1143262974,4
1292.8,547.9,1143262989,4
1209.5,531.0,1143263005,4
1241.1,545.1,1143263018,4
1255.2,559.0,1143263034,4
1302.8,583.1,1143263050,4
1378.9,574.9,1143263064,4
1283.0,591.3,1143263079,4
1375.4,560.3,1143263098,4
1406.8,546.8,1143263125,4
1400.4,542.3,1143263141,4
1414.3,570.2,1143263153,4
1395.1,580.3,1143263169,4
1332.6,595.0,1143263187,4
1349.1,603.3,1143263200,4
1359.9,614.1,1143263215,4
1344.9,622.2,1143263231,4
1341.1,628.8,1143263244,4
1285.0,682.0,1143263276,4
1261.8,690.8,1143263289,4
1244.2,701.3,1143263305,4
1243.3,707.8,1143263324,4
1240.1,710.1,1143263334,4
1237.2,707.0,1143263349,4
1239.0,707.2,1143263367,4
1268.0,701.6,1143263379,4
1269.2,703.3,1143263394,4
1467.6,689.3,1143263423,4
1463.8,690.5,1143263439,4
1343.3,712.5,1143263457,4
1403.8,712.2,1143263468,4
1371.4,729.8,1143263485,4
1306.8,742.8,1143263501,4
1340.7,757.3,1143263513,4
1344.5,761.7,1143263532,4
1266.8,757.5,1143263549,4
1026.1,722.7,1143263571,4
1202.1,746.7,1143263597,4
1116.4,728.4,1143263613,4
1068.1,720.4,1143263627,4
1183.1,677.4,1143263645,4
1113.4,696.2,1143263662,4
1358.9,734.8,1143263678,4
1369.6,723.9,1143263698,4
1409.0,764.1,1143263713,4
1423.5,769.6,1143263744,4
1400.4,635.9,1143263759,4
1391.9,632.3,1143263776,4
1352.3,627.5,1143263791,4
1256.8,553.0,1143263800,4
1247.9,560.0,1143263815,4
1267.8,590.9,1143263829,4
1300.9,684.3,1143263843,4
1295.9,707.9,1143263873,4
1293.7,743.8,1143263888,4
1260.4,729.8,1143263907,4
1256.0,726.5,1143263918,4
1249.2,727.2,1143263933,4
1205.1,729.9,1143263949,4
1247.6,732.5,1143263961,4
1251.3,732.1,1143263979,4
1266.9,733.4,1143263997,4
1133.3,723.3,1143264031,4
1094.1,720.4,1143264047,4
1107.9,720.7,1143264062,4
1282.5,722.3,1143264081,4
1217.5,721.1,1143264097,4
1398.7,722.3,1143264111,4
1370.6,724.2,1143264129,4
1350.7,724.0,1143264149,4
1329.1,720.8,1143264166,4
1285.9,716.1,1143264183,4
1330.0,711.7,1143264200,4
1296.0,715.1,1143264216,4
1261.7,704.7,1143264238,4
1261.7,705.2,1143264255,4
1264.0,707.9,1143264274,4
1291.2,711.0,1143264284,4
1324.8,715.2,1143264295,4
1281.2,708.8,1143264322,4
1196.0,713.7,1143264338,4
1268.0,715.4,1143264354,4
1215.2,714.3,1143264366,4
1097.6,710.7,1143264384,4
1164.2,728.9,1143264401,4
1281.1,734.1,1143264412,4
1211.5,730.4,1143264428,4
1230.1,722.0,1143264445,4
1256.0,721.4,1143264472,4
1261.0,703.1,1143264494,4
1261.0,706.0,1143264506,4
1062.7,661.5,1143264521,4
1091.1,659.5,1143264541,4
1156.8,632.9,1143264558,4
1082.4,602.8,1143264571,4
1087.8,601.1,1143264588,4
1154.2,598.5,1143264601,4
1297.5,586.9,1143264633,4
1336.8,581.1,1143264648,4
1516.5,571.0,1143264660,4
1551.8,567.4,1143264679,4
1649.9,571.4,1143264691,4
1373.9,553.3,1143264699,4
1441.9,543.2,1143264715,4
1477.8,541.4,1143264727,4
1475.0,541.7,1143264743,4
1414.6,540.2,1143264773,4
1369.4,540.2,1143264787,4
1342.5,559.7,1143264804,4
1411.9,594.3,1143264817,4
1506.8,661.6,1143264833,4
1521.1,673.5,1143264849,4
1507.0,686.2,1143264863,4
1504.0,693.9,1143264878,4