766.0,293.4,359570481,3
766.0,293.4,359570511,3
785.6,277.8,359570526,3
785.2,284.2,359570572,3
795.1,323.7,359570603,3
792.7,494.6,359570619,3
787.6,389.5,359570646,3
775.2,390.4,359570662,3
734.6,413.1,359570691,3
736.6,409.6,359570706,3
191.1,200.5,359570754,3
134.4,181.6,359570796,3
131.0,191.0,359570826,3
184.2,181.2,359570842,3
508.7,439.2,359570872,3
610.1,505.7,359570920,3
615.7,520.6,359570933,3
608.3,506.6,359570978,3
605.6,467.0,359571006,3
567.3,433.3,359571024,3
590.8,438.3,359571052,3
576.3,416.6,359571068,3
640.2,424.9,359571096,3
618.6,377.1,359571114,3
619.0,380.1,359571142,3
576.2,356.3,359571158,3
550.7,269.3,359571203,3
519.3,189.4,359571232,3
497.2,178.4,359571247,3
507.3,175.6,359571292,3
506.4,174.5,359571322,3
500.2,231.1,359571382,3
512.5,258.5,359571414,3
499.2,235.9,359571427,3
495.4,231.1,359571458,3
510.7,208.7,359571472,3
509.7,197.3,359571502,3
507.0,219.5,359571516,3
492.0,247.2,359571546,3
508.0,248.4,359571561,3
540.5,266.2,359571592,3
560.8,276.0,359571607,3
571.0,287.6,359571683,3
593.8,312.4,359571728,3
-167.7,-63.9,359572042,3
-167.7,-63.9,359572057,3
-167.7,-63.9,359572106,3
-167.7,-63.9,359572133,3
-167.7,-63.9,359572147,3
-167.7,-63.9,359572178,3
316.2,-11.7,359572296,3
110.7, 76.3,359572313,3
-41.2,-84.5,359572327,3
-74.0,-123.2,359572343,3
52.3, -2.9,359572359,3
-42.9,-96.1,359572371,3
-30.7,-87.5,359572403,3
-77.0,-131.6,359572416,3
-21.0,-101.1,359572434,3
64.6,-35.2,359572446,3
203.0, 59.8,359572476,3
263.1, 98.6,359572491,3
554.9,274.8,359572523,3
615.0,250.9,359572567,3
625.1,252.3,359572611,3
607.0,271.6,359572657,3
607.8,241.1,359572703,3
612.3,206.6,359572716,3
643.5,223.3,359572746,3
642.1,222.6,359572762,3
647.3,222.8,359572791,3
634.9,192.6,359572806,3
585.7,595.7,359572881,3
595.1,689.0,359572896,3
573.3,621.5,359572926,3
561.0,620.6,359572941,3
531.1,729.5,359572972,3
515.5,779.3,359573018,3
514.0,752.7,359573032,3
519.2,671.4,359573062,3
532.4,710.8,359573076,3
530.8,687.3,359573091,3
535.0,660.9,359573107,3
533.0,635.2,359573122,3
585.8,730.0,359573155,3
665.5,736.2,359573166,3
635.3,688.9,359573182,3
615.8,662.3,359573196,3
575.8,629.0,359573211,3
571.9,624.4,359573229,3
533.0,561.7,359573242,3
542.1,570.7,359573256,3
496.6,506.5,359573272,3
439.6,414.9,359573304,3
344.3,325.2,359573316,3
242.1,227.9,359573334,3
193.9,209.0,359573349,3
172.0,180.6,359573362,3
174.6,188.7,359573377,3
170.7,197.4,359573394,3
171.3,199.6,359573408,3
52.8,115.3,359573422,3
63.1,104.1,359573453,3
-41.8, 25.5,359573466,3
-10.5, 34.7,359573481,3
-12.8, 18.3,359573497,3
-129.0,-67.8,359573512,3
-18.5, -0.7,359573526,3
-79.5,-41.7,359573541,3
-46.8,-10.7,359573556,3
28.4, 43.0,359573572,3
154.2,118.8,359573603,3
215.6,149.0,359573616,3
70.1, 63.6,359573633,3
174.7,125.1,359573649,3
200.5,150.3,359573662,3
57.0, 55.9,359573678,3
-31.3, -1.1,359573692,3
-62.1,-20.6,359573706,3
-74.3,-29.8,359573721,3
8.3, 63.7,359573753,3
-219.5,-103.4,359573768,3
190.6,169.1,359573783,3
12.7, 37.2,359573796,3
-193.4,-94.8,359573812,3
-135.1,-49.1,359573826,3
-17.7, 74.4,359573842,3
-183.8,-56.3,359573856,3
-127.4, 36.7,359573872,3
-133.8, 43.2,359573902,3
-107.3, 70.3,359573918,3
-108.2, 68.3,359573934,3
-279.5,-97.6,359573948,3
-257.5,-72.0,359573963,3
-132.1, 51.6,359573976,3
75.8,264.1,359574007,3
361.2,692.9,359574022,3
510.8,805.2,359574055,3
498.5,895.3,359574068,3
530.0,952.5,359574081,3
235.1,557.2,359574097,3
193.2,498.8,359574112,3
-57.9,147.3,359574125,3
-65.0,141.9,359574141,3
-29.4,195.7,359574156,3
-117.2, 70.7,359574171,3
-47.4,169.8,359574202,3
-134.9, 43.7,359574217,3
-159.3,  8.6,359574232,3
-16.2,215.3,359574246,3
236.0,583.1,359574277,3
424.9,860.1,359574293,3
492.0,958.3,359574322,3
489.3,960.7,359574368,3
502.3,955.3,359574413,3
499.1,963.0,359574457,3
495.1,966.0,359574471,3
507.9,1134.0,359574502,3
529.1,1058.4,359574516,3
526.9,1059.8,359574547,3
487.2,951.2,359574561,3
487.7,948.8,359574591,3
497.1,967.2,359574605,3
515.7,1036.5,359574652,3
511.8,1026.6,359574681,3
467.0,924.8,359574697,3
468.8,900.5,359574726,3
499.6,909.5,359574741,3
556.7,989.0,359574771,3
650.2,962.1,359574802,3
630.4,991.3,359574816,3
632.1,1000.5,359574834,3
659.3,984.9,359574847,3
719.4,918.4,359574862,3
727.8,817.6,359574877,3
701.4,724.0,359574892,3
722.5,786.8,359574922,3
642.0,689.5,359574982,3
641.5,690.4,359574996,3
628.2,516.7,359575012,3
633.0,460.7,359575026,3
635.1,408.2,359575041,3
661.2,337.2,359575057,3
665.4,341.6,359575070,3
637.6,313.6,359575118,3
641.5,316.7,359575131,3
627.6,297.0,359575162,3
626.1,292.5,359575177,3
580.3,216.9,359575207,3
591.1,218.2,359575221,3
546.9,114.5,359575252,3
548.8, 58.4,359575266,3
528.4, 25.1,359575296,3
527.9, 26.2,359575311,3
508.3,-43.4,359575342,3
505.7,-48.0,359575356,3
505.2,-46.2,359575403,3
500.2,-55.5,359575431,3
497.4,-60.6,359575446,3
472.5,-103.4,359575477,3
472.6,-102.0,359575492,3
471.4,-100.8,359575522,3
444.7,-64.8,359575565,3
444.4,-63.7,359575582,3
448.6,-67.7,359575611,3
472.3,-91.4,359575627,3
452.9,-105.5,359575657,3
450.9,-105.7,359575672,3
443.6,-108.4,359575704,3
447.3,-90.9,359575717,3
440.4,-49.0,359575746,3
442.0,-48.8,359575761,3
443.4,-44.0,359575777,3
222.2,-32.5,359575792,3
312.9,-31.1,359575807,3
298.0,-29.8,359575821,3
287.7,-29.3,359575853,3
188.3,-27.8,359575866,3
236.5,-28.7,359575880,3
324.4,-30.1,359575896,3
-5.5,-24.9,359575912,3
26.7,-33.5,359575927,3
101.5,-38.6,359575941,3
328.6,-73.6,359575971,3
414.5,-77.7,359576018,3
413.8,-77.7,359576031,3
402.8,-88.8,359576061,3
404.8,-86.1,359576077,3
402.5,-89.2,359576106,3
417.9,-100.8,359576121,3
440.3,-109.8,359576153,3
441.0,-109.6,359576167,3
443.9,-112.2,359576184,3
436.6,-105.7,359576212,3
436.6,-105.7,359576228,3
436.6,-105.7,359576256,3
436.6,-105.7,359576272,3
437.0,-110.1,359576376,3
437.0,-110.1,359576407,3
432.9,-124.9,359576421,3
429.5,-137.1,359576455,3
419.7,-138.5,359576466,3
401.0,-140.0,359576497,3
388.9,-136.0,359576544,3
405.7,-107.5,359576571,3
275.2, 84.3,359576633,3
23.0, 11.4,359576646,3
27.8, 13.6,359576662,3
21.4,-91.1,359576676,3
9.3,-92.2,359576692,3
10.1,-92.6,359576708,3
201.3,-52.5,359576722,3
265.2,-46.0,359576753,3
262.2,-13.3,359576768,3
250.9,-22.0,359576780,3
213.8,-38.9,359576796,3
224.8, -7.7,359576811,3
-5.7,-41.4,359576827,3
81.1,-72.4,359576841,3
117.5,-71.8,359576856,3
386.6,-64.6,359576871,3
404.5,-67.9,359576902,3
458.0, 33.6,359576919,3
464.0,104.6,359576932,3
466.2,146.0,359576947,3
457.5, 53.2,359576962,3
463.3, 44.7,359576977,3
469.7, 43.4,359576993,3
466.6, 37.1,359577006,3
451.5,  5.8,359577023,3
480.5, -4.3,359577053,3
487.4,-12.1,359577067,3
543.0,-41.4,359577111,3
540.3,-34.3,359577142,3
560.7,104.7,359577156,3
559.0,108.5,359577203,3
572.8,136.9,359577232,3
573.6,182.5,359577247,3
574.9,404.2,359577260,3
577.0,362.1,359577276,3
581.2,422.2,359577291,3
588.1,434.8,359577321,3
627.0,421.3,359577366,3
610.3,426.5,359577382,3
607.9,427.3,359577395,3
578.3,356.9,359577412,3
550.4,299.9,359577428,3
556.5,309.7,359577457,3
577.7,255.7,359577472,3
572.7,343.0,359577502,3
588.4,374.5,359577516,3
601.8,307.3,359577529,3
593.9,381.8,359577546,3
593.1,386.1,359577562,3
595.6,336.8,359577591,3
533.9,364.5,359577606,3
442.8,309.7,359577621,3
445.1,383.7,359577655,3
478.3,419.9,359577681,3
431.8,381.5,359577697,3
442.6,505.6,359577710,3
533.0,556.7,359577725,3
478.8,646.4,359577742,3
452.1,602.1,359577756,3
470.3,616.7,359577771,3
515.7,573.6,359577818,3
520.9,566.2,359577833,3
567.7,565.6,359577862,3
563.6,552.3,359577877,3
613.6,572.5,359577906,3
619.6,588.4,359577922,3
595.3,536.8,359577952,3
617.0,563.4,359577967,3
611.8,601.4,359577979,3
581.4,637.5,359577997,3
574.1,618.0,359578011,3
418.9,524.0,359578024,3
414.9,521.1,359578041,3
391.1,502.8,359578056,3
444.0,507.7,359578069,3
462.0,533.9,359578102,3
474.3,538.6,359578115,3
372.8,458.0,359578133,3
368.0,461.3,359578148,3
395.5,533.4,359578159,3
338.6,495.8,359578176,3
357.3,515.1,359578190,3
375.2,537.9,359578204,3
333.1,495.4,359578223,3
302.3,459.4,359578251,3
265.6,408.0,359578266,3
239.4,371.1,359578281,3
330.7,482.4,359578295,3
200.0,372.6,359578311,3
175.2,363.2,359578326,3
272.8,464.0,359578342,3
261.6,430.4,359578355,3
324.3,509.6,359578371,3
341.5,477.3,359578402,3
367.1,527.1,359578418,3
322.0,517.0,359578430,3
101.1,262.4,359578448,3
102.7,264.9,359578463,3
147.4,336.5,359578474,3
-12.7,134.5,359578490,3
30.1,188.5,359578506,3
56.8,226.5,359578520,3
207.5,426.2,359578551,3
178.5,407.9,359578568,3
-13.2,169.7,359578581,3
60.9,272.4,359578598,3
91.2,308.1,359578610,3
-72.2, 94.4,359578626,3
-2.1,184.9,359578642,3
64.3,238.0,359578656,3
30.7,153.8,359578671,3
-8.7, 86.9,359578701,3
303.9,528.8,359578731,3
445.6,745.7,359578746,3
500.9,816.2,359578777,3
524.9,894.3,359578791,3
486.9,854.9,359578821,3
501.0,893.2,359578866,3
523.5,893.9,359578883,3
531.8,858.2,359578911,3
537.1,859.1,359578927,3
515.9,812.0,359578956,3
492.8,751.1,359578970,3
517.3,793.4,359579004,3
527.7,812.6,359579017,3
535.5,858.9,359579047,3
533.1,842.0,359579065,3
535.3,848.0,359579091,3
541.4,870.9,359579106,3
555.3,922.5,359579153,3
538.5,882.9,359579182,3
526.9,852.9,359579197,3
481.5,714.6,359579271,3
587.3,721.1,359579302,3
603.2,829.8,359579331,3
604.6,840.0,359579346,3
24.5,263.2,359579378,3
50.7, 84.2,359579393,3
224.1,331.7,359579407,3
138.4,102.5,359579452,3
183.4,106.1,359579481,3
327.9,466.0,359579496,3
508.9,443.9,359579527,3
526.0,516.4,359579542,3
560.8,577.0,359579571,3
585.7,633.7,359579616,3
606.2,609.8,359579631,3
588.6,585.4,359579662,3
572.8,550.6,359579677,3
549.7,500.3,359579706,3
540.6,491.4,359579723,3
522.6,452.0,359579752,3
518.3,437.2,359579766,3
460.5,351.4,359579796,3
486.9,350.0,359579813,3
499.6,276.9,359579824,3
480.9,327.9,359579841,3
499.3,359.7,359579856,3
487.8,366.8,359579871,3
484.0,412.0,359579902,3
481.5,388.9,359579915,3
466.2,405.0,359579931,3
449.4,375.6,359579947,3
454.1,300.4,359579961,3
371.1,350.9,359579977,3
397.0,324.8,359579992,3
436.6,253.7,359580005,3
413.1,278.9,359580021,3
435.2,202.5,359580052,3
445.1,192.8,359580065,3
465.9,179.4,359580081,3
455.9,186.9,359580096,3
432.4,252.9,359580113,3
518.0,283.4,359580127,3
520.0,290.5,359580140,3
494.9,303.1,359580156,3
492.5,305.0,359580170,3
428.4,357.1,359580201,3
376.0,386.4,359580217,3
391.5,388.7,359580230,3
350.9,396.2,359580246,3
379.0,395.3,359580263,3
358.8,372.7,359580276,3
176.1,269.6,359580291,3
218.4,300.4,359580307,3
226.9,298.2,359580321,3
151.2,241.8,359580352,3
188.0,254.7,359580366,3
232.8,261.8,359580381,3
204.4,251.7,359580398,3
317.5,483.4,359580411,3
197.7,295.3,359580425,3
178.5,268.9,359580442,3
210.6,340.1,359580455,3
114.4,233.8,359580471,3
115.0,270.9,359580501,3
78.1,223.1,359580517,3
98.4,252.3,359580532,3
165.0,340.8,359580545,3
37.8,189.1,359580560,3
55.9,204.5,359580577,3
95.8,253.0,359580592,3
44.6,149.1,359580607,3
92.0,232.3,359580623,3
25.1,170.2,359580652,3
50.6,203.3,359580667,3
35.0,199.6,359580680,3
66.3,181.2,359580696,3
129.3,292.7,359580711,3
131.8,299.8,359580725,3
123.2,256.5,359580740,3
160.5,301.7,359580757,3
204.3,368.8,359580770,3
260.6,465.1,359580802,3
344.0,564.0,359580816,3
329.1,543.3,359580830,3
303.5,502.0,359580847,3
332.3,542.5,359580860,3
173.9,291.9,359580876,3
178.7,300.2,359580891,3
161.6,274.1,359580908,3
150.3,253.5,359580920,3
193.3,351.4,359580951,3
171.3,325.4,359580965,3
160.8,317.0,359580981,3
209.9,397.5,359580995,3
58.2,195.9,359581011,3
80.8,222.2,359581029,3
114.0,277.3,359581039,3
57.9,174.7,359581055,3
95.2,242.9,359581072,3
78.5,211.7,359581101,3
131.0,309.0,359581119,3
103.6,252.6,359581130,3
59.9,175.1,359581146,3
92.5,217.2,359581164,3
114.2,253.4,359581175,3
51.4,202.8,359581191,3
65.4,222.9,359581208,3
113.8,276.5,359581219,3
207.9,379.6,359581255,3
284.5,453.6,359581266,3
243.9,382.0,359581280,3
265.4,416.0,359581296,3
290.7,454.5,359581309,3
131.9,245.2,359581326,3
153.5,278.8,359581342,3
180.7,320.4,359581357,3
64.4,178.0,359581371,3
100.6,236.3,359581401,3
78.9,204.7,359581415,3
106.2,255.7,359581431,3
162.0,330.1,359581446,3
31.2,152.5,359581460,3
40.8,166.4,359581476,3
168.2,363.5,359581491,3
96.0,275.2,359581505,3
58.2,228.5,359581553,3
497.2,594.1,359581566,3
394.7,493.8,359581580,3
348.2,419.9,359581596,3
340.1,381.4,359581612,3
311.8,265.1,359581641,3
468.4,258.0,359581656,3
460.8,246.7,359581672,3
500.1,258.0,359581702,3
401.4,195.8,359581717,3
320.9,141.4,359581731,3
320.7,172.0,359581746,3
267.8,195.0,359581761,3
210.3, 83.0,359581778,3
265.7,182.4,359581791,3
276.0,198.4,359581806,3
236.5,149.7,359581820,3
174.0, 16.7,359581852,3
140.8,-10.4,359581866,3
254.0, 40.0,359581882,3
393.4, 81.5,359581896,3
288.1, 36.9,359581914,3
400.1, 66.0,359581930,3
255.2, 22.0,359581942,3
238.9,  8.7,359581956,3
372.9,130.7,359581971,3
350.0, 91.8,359582005,3
390.1, 53.5,359582016,3
285.2, 31.6,359582031,3
248.6, 27.1,359582047,3
388.0, 34.5,359582061,3
389.0, 30.5,359582076,3
259.1,-15.1,359582091,3
344.2,-21.6,359582106,3
297.9,-28.2,359582123,3
247.4,-39.9,359582167,3
122.0,-61.2,359582181,3
122.4,-69.5,359582212,3
-110.9,-82.0,359582226,3
2.4,-76.4,359582260,3
1.2,-90.2,359582272,3
-170.0,-116.5,359582304,3
-158.9,-112.7,359582316,3
-152.7,-109.9,359582332,3
115.7,  3.3,359582346,3
56.9,-24.8,359582362,3
-21.0,-60.1,359582375,3
78.2, 13.3,359582390,3
-35.5,-47.5,359582405,3
36.2,-11.4,359582422,3
17.3, -3.6,359582452,3
89.1, 48.2,359582467,3
133.4, 94.7,359582481,3
19.4, 16.4,359582495,3
146.6,110.6,359582511,3
132.6, 88.1,359582528,3
75.0, 46.7,359582541,3
173.5,117.2,359582557,3
123.0,101.8,359582570,3
209.8,249.3,359582602,3
213.4,275.7,359582615,3
52.4,114.9,359582631,3
26.1, 78.5,359582647,3
95.9,184.0,359582661,3
22.5, 94.5,359582677,3
82.2,164.4,359582694,3
111.2,181.5,359582706,3
82.8,125.5,359582721,3
43.1, 61.4,359582751,3
14.6, 22.4,359582766,3
27.7, 38.5,359582782,3
149.3,195.0,359582796,3
189.2,245.5,359582811,3
372.5,389.8,359582828,3
462.3,480.4,359582856,3
549.3,758.3,359583126,3
646.0,783.2,359583141,3
707.4,799.0,359583171,3
533.3,735.5,359583216,3
252.4,538.6,359583231,3
81.7,492.5,359583245,3
5.1,435.8,359583261,3
110.2,494.6,359583277,3
115.3,413.9,359583305,3
160.7,327.5,359583321,3
154.8,360.2,359583354,3
173.2,311.9,359583366,3
163.9,135.3,359583380,3
225.1,186.6,359583397,3
147.7,  9.9,359583411,3
337.5, 56.9,359583426,3
358.0, 46.8,359583443,3
296.8, 19.7,359583456,3
418.3,-19.1,359583472,3
330.6,-51.6,359583502,3
406.0,-37.5,359583518,3
184.5,-95.2,359583546,3
420.8,-41.8,359583561,3
484.4,-25.4,359583577,3
391.4,-46.7,359583592,3
204.6,-91.0,359583606,3
27.8,-131.0,359583621,3
287.8,-73.0,359583652,3
650.4,269.1,359583772,3
650.4,269.1,359583815,3
629.3,418.1,359583831,3
570.3,193.3,359583861,3
548.3,310.8,359583877,3
546.9,311.4,359583905,3
558.8,205.9,359583921,3
557.9,212.7,359583951,3
564.2,162.0,359583995,3
581.6,142.6,359584043,3
589.2,134.1,359584101,3
589.2,134.1,359584131,3
105.8,-39.6,359584146,3
21.7,-69.8,359584160,3
172.5, 29.5,359584177,3
203.7, 19.5,359584194,3
-15.3,-104.4,359584208,3
51.8,-73.9,359584222,3
122.4,-54.9,359584267,3
-20.4,-126.5,359584281,3
-15.1,-120.6,359584296,3
29.6,-105.7,359584314,3
-99.5,-161.9,359584326,3
631.4,456.8,359584416,3
586.7,461.0,359584461,3
550.0,285.7,359584493,3
548.9,266.3,359584507,3
525.5,202.6,359584552,3
525.3,203.5,359584580,3
608.7,707.4,359584596,3
613.3,842.7,359584626,3
599.5,847.7,359584641,3
571.3,699.1,359584671,3
442.3,317.6,359584717,3
430.9,284.0,359584731,3
403.7,192.8,359584761,3
590.3,958.8,359584776,3
602.2,1023.9,359584807,3
605.8,969.2,359584823,3
605.1,957.7,359584852,3
596.2,896.2,359584866,3
576.3,766.9,359584897,3
574.8,768.9,359584911,3
559.8,802.9,359584942,3
543.6,896.3,359584957,3
534.2,926.9,359585003,3
513.5,905.3,359585031,3
418.6,796.1,359585047,3
402.7,781.4,359585077,3
403.4,797.9,359585091,3
407.9,868.3,359585124,3
444.3,1051.5,359585166,3
438.8,1001.8,359585181,3
490.8,931.4,359585212,3
484.5,894.3,359585228,3
568.9,805.8,359585242,3
516.0,806.8,359585256,3
527.4,804.3,359585271,3
541.8,798.0,359585304,3
564.8,847.6,359585317,3
573.5,859.7,359585332,3
609.4,900.1,359585349,3
642.7,903.6,359585361,3
662.0,852.6,359585376,3
661.6,811.1,359585392,3
660.2,788.4,359585406,3
663.6,763.4,359585422,3
652.5,740.0,359585452,3
650.4,732.5,359585466,3
608.0,712.5,359585482,3
510.4,471.8,359585496,3
480.2,425.9,359585511,3
465.3,365.0,359585527,3
454.7,347.2,359585541,3
442.8,300.5,359585558,3
444.4,294.5,359585572,3
443.6,292.6,359585603,3
457.3,324.2,359585618,3
472.8,316.8,359585646,3
466.1,266.7,359585662,3
447.0,227.2,359585676,3
448.9,232.1,359585691,3
440.6,205.5,359585708,3
447.9,226.7,359585722,3
448.2,231.7,359585752,3
443.2,238.9,359585767,3
438.6,254.8,359585780,3
437.1,257.4,359585796,3
439.2,253.6,359585812,3
435.0,204.4,359585826,3
434.6,201.0,359585842,3
431.2,203.9,359585858,3
432.9,215.2,359585870,3
427.0,104.4,359585901,3
391.8, -4.5,359585916,3
390.0,-14.0,359585933,3
381.3, 20.5,359585946,3
391.9, -1.3,359585961,3
383.1, 14.3,359585976,3
388.3, 13.5,359585992,3
389.4, 65.6,359586006,3
389.6, 70.4,359586021,3
365.5, 71.2,359586052,3
359.5, 69.7,359586066,3
359.8, 72.5,359586083,3
360.0, 74.9,359586095,3
361.3, 72.5,359586112,3
363.9, 71.7,359586126,3
370.5, 70.9,359586141,3
373.2, 88.7,359586156,3
377.3, 95.4,359586170,3
379.3, 95.4,359586203,3
364.4, 80.6,359586217,3
356.9, 75.1,359586233,3
340.0, 99.9,359586247,3
303.3,140.9,359586276,3
239.0,264.9,359586292,3
196.9,274.6,359586322,3
169.2, 97.7,359586366,3
167.0, 55.9,359586382,3
141.1,-162.9,359586412,3
233.6,-118.1,359586426,3
271.6,-98.2,359586456,3
273.9,-38.4,359586501,3
271.3,-36.9,359586518,3
276.8,-59.8,359586546,3
276.4,-80.8,359586562,3
277.1,-78.7,359586593,3
278.0,-74.7,359586607,3
275.5,-71.4,359586652,3
268.9,-52.0,359586682,3
269.8,-50.3,359586695,3
264.9,-46.0,359586725,3
260.0,-46.8,359586742,3
259.6,-48.0,359586771,3
252.4,-44.6,359586817,3
253.6,-45.4,359586831,3
253.7,-44.9,359586845,3
253.2,-36.1,359586861,3
254.6,-35.1,359586876,3
256.6,-29.8,359586906,3
258.1,-81.5,359586921,3
258.6,-120.5,359586952,3
268.6,-127.6,359586967,3
269.3,-129.1,359586981,3
268.9,-122.9,359586998,3
266.6,-123.3,359587011,3
266.7,-122.9,359587026,3
257.8,-121.4,359587042,3
258.6,-123.3,359587057,3
259.0,-119.6,359587071,3
268.1,-105.6,359587103,3
253.0,-43.3,359587146,3
227.4,  8.1,359587162,3
227.1,  8.0,359587192,3
393.3,139.6,359587281,3
775.3,392.3,359587326,3
699.3,682.2,359587341,3
428.9,262.5,359587371,3
435.5,263.9,359587416,3
504.2,293.2,359587431,3
462.7,301.1,359587460,3
408.4,387.7,359587507,3
366.7,1079.2,359587552,3
375.3,1077.3,359587596,3
436.2,451.5,359587641,3
426.9,462.5,359587731,3
451.2,477.9,359587777,3
425.9,546.5,359587821,3
447.3,550.1,359587866,3
447.8,565.3,359587880,3
515.7,601.2,359587912,3
589.0,594.5,359587941,3
592.7,589.5,359587956,3
593.9,586.3,359587971,3
595.0,571.9,359588002,3
568.8,521.7,359588030,3
564.2,521.5,359588046,3
562.0,519.6,359588060,3
558.7,520.8,359588076,3
557.1,520.9,359588091,3
453.6,354.5,359588106,3
335.8,187.5,359588121,3
311.6,154.6,359588165,3
318.3,162.2,359588181,3
333.7,219.0,359588211,3
348.1,297.7,359588227,3
427.8,288.8,359588256,3
481.5,245.8,359588272,3
471.5,230.7,359588302,3
423.8,169.7,359588316,3
381.7,120.9,359588331,3
316.0, 47.7,359588346,3
322.7, 54.6,359588360,3
267.9,-11.7,359588391,3
268.3,-12.4,359588407,3
222.0,-41.6,359588465,3
219.0,-42.8,359588480,3
502.4,135.0,359588526,3
487.1, 69.0,359588570,3
458.4, 45.6,359588615,3
494.1, 56.1,359588662,3
547.2, 36.1,359588708,3
537.6, 30.7,359588752,3
512.9, 58.3,359588797,3
513.0, 69.5,359588842,3
590.4, 51.0,359588930,3
530.9, 70.4,359588975,3
500.0, 73.8,359589022,3
487.9, 90.2,359589066,3
536.9, 75.9,359589111,3
546.3, 74.0,359589156,3
543.7, 62.2,359589170,3
495.5, -9.3,359589202,3
454.2,-52.2,359589246,3
444.1,-53.0,359589262,3
441.4,-55.1,359589290,3
430.0,-46.8,359589306,3
466.7, 20.1,359589352,3
446.0,-18.6,359589380,3
437.2,-43.9,359589397,3
410.7,-75.6,359589425,3
411.2,-72.6,359589442,3
410.2,-80.0,359589472,3
337.5,-177.8,359589515,3
339.0,-174.9,359589530,3
317.1,-189.6,359589560,3
301.8,-197.9,359589576,3
279.7,-209.8,359589606,3
276.3,-211.6,359589621,3
271.5,-214.3,359589652,3
271.5,-214.3,359589666,3
271.5,-214.3,359589696,3
323.3,-182.7,359589876,3
323.3,-182.7,359589921,3
357.0,-189.6,359589966,3
371.7,-192.6,359590011,3
371.7,-192.6,359590025,3
363.4,-192.3,359590057,3
312.7,-190.4,359590102,3
299.4,-189.9,359590145,3
299.4,-189.9,359590190,3
489.8, 26.2,359590325,3
500.2,-11.0,359590342,3
500.2,-11.0,359590356,3
-301.2,-182.3,359590371,3
-100.3,-153.8,359590402,3
-239.6,-176.1,359590417,3
-185.7,-170.0,359590431,3
-140.8,-163.3,359590446,3
9.1,-37.5,359590478,3
-112.9,-77.2,359590491,3
-185.7,-136.6,359590507,3
186.6, 75.3,359590522,3
206.2,108.1,359590551,3
352.0,191.2,359590566,3
453.4,235.3,359590597,3
457.3,300.0,359590612,3
457.8,283.2,359590641,3
438.5,227.0,359590656,3
460.3,228.0,359590671,3
423.3,234.0,359590703,3
424.5,203.0,359590716,3
422.4,204.6,359590730,3
96.3, 33.8,359590746,3
87.7, 29.8,359590761,3
311.0,151.6,359590776,3
233.9, 97.9,359590792,3
238.1,100.5,359590806,3
315.8,114.3,359590821,3
253.6, 69.6,359590854,3
101.3,-16.5,359590866,3
86.5,-16.6,359590881,3
71.6, -4.8,359590896,3
86.2, -0.6,359590911,3
185.1, 62.0,359590927,3
202.1, 76.3,359590942,3
151.6, 56.1,359590958,3
119.6, 40.1,359590971,3
111.9, 39.9,359591004,3
110.4, 45.1,359591016,3
88.7, 28.0,359591031,3
93.8, 31.0,359591045,3
98.4, 34.8,359591060,3
105.5, 38.0,359591076,3
278.9,130.2,359591090,3
370.7,145.0,359591107,3
386.0,131.6,359591121,3
399.6,129.3,359591152,3
395.4, 86.1,359591165,3
393.9, 77.7,359591181,3
389.6, 73.0,359591196,3
374.4, 39.7,359591211,3
371.4, 31.3,359591226,3
399.4,  1.2,359591241,3
405.2, -5.4,359591256,3
403.0,  9.5,359591271,3
369.9, 41.9,359591302,3
385.5, 24.3,359591317,3
411.1, 23.4,359591333,3
411.9, 22.5,359591361,3
421.2, 15.5,359591406,3
424.0, 10.7,359591452,3
378.5,-82.3,359591466,3
397.5,-49.5,359591495,3
383.4,-28.2,359591513,3
361.2, -2.1,359591541,3
349.7,  8.6,359591556,3
332.1, 36.1,359591601,3
334.7, 37.2,359591632,3
332.3, 35.9,359591646,3
361.0, 41.8,359591675,3
362.1, 41.6,359591692,3
373.4, 46.2,359591723,3
395.5, 75.7,359591765,3
391.8, 81.9,359591781,3
231.9, 26.3,359591795,3
35.9,-63.9,359591810,3
22.1,-70.1,359591825,3
-190.8,-136.0,359591840,3
-169.4,-123.1,359591855,3
-130.9,-107.4,359591871,3
-315.6,-172.9,359591901,3
-214.6,-127.6,359591915,3
-14.3, 71.7,359591930,3
21.2,111.4,359591945,3
184.8,159.4,359591961,3
382.6,168.2,359591975,3
275.4,160.8,359591992,3
396.1,212.1,359592006,3
277.2,176.9,359592021,3
451.9,184.4,359592051,3
396.1,193.1,359592067,3
222.4, 69.3,359592082,3
293.2,-48.3,359592095,3
367.1,-75.5,359592128,3
415.0,-91.0,359592141,3
435.6,-74.2,359592158,3
465.7,-29.3,359592172,3
420.0, 10.4,359592216,3
339.8, 43.5,359592231,3
335.2, 51.0,359592245,3
373.2,102.5,359592277,3
399.1,105.3,359592292,3
381.9,112.4,359592306,3
549.4,225.8,359592322,3
562.1,235.7,359592352,3
572.8,239.1,359592366,3
589.2,247.1,359592380,3
605.0,253.2,359592396,3
577.1,240.4,359592412,3
520.6,203.7,359592424,3
533.1,212.2,359592440,3
526.5,208.8,359592456,3
504.2,201.5,359592472,3
467.0,131.1,359592502,3
497.8,143.6,359592515,3
490.6,144.6,359592530,3
467.3,138.2,359592548,3
484.6,146.5,359592560,3
514.4,160.0,359592575,3
508.5,176.7,359592592,3
514.1,158.4,359592605,3
487.1,271.9,359592622,3
496.1,272.7,359592652,3
527.4,175.2,359592682,3
519.4,169.7,359592694,3
510.8,200.6,359592710,3
503.1,218.4,359592728,3
500.9,210.1,359592739,3
470.7,313.2,359592756,3
463.0,350.5,359592772,3
447.1,403.3,359592802,3
461.0,379.1,359592816,3
451.9,397.7,359592832,3
417.1,386.9,359592846,3
428.6,355.8,359592862,3
445.2,359.5,359592875,3
404.9,361.2,359592891,3
411.1,346.1,359592908,3
399.9,358.1,359592920,3
452.1,250.8,359592952,3
500.2,174.4,359592965,3
466.7,336.5,359592982,3
482.7,305.9,359592995,3
504.8,225.9,359593010,3
447.3,356.2,359593025,3
458.5,318.0,359593040,3
430.6,350.3,359593055,3
419.9,351.1,359593070,3
402.3,409.7,359593102,3
402.1,450.2,359593116,3
408.3,428.1,359593130,3
484.6,227.6,359593145,3
415.5,314.5,359593160,3
456.5,263.2,359593175,3
449.2,271.5,359593190,3
460.7,264.0,359593220,3
431.0,369.2,359593252,3
520.3,443.3,359593265,3
517.5,422.6,359593279,3
477.5,444.6,359593296,3
475.9,437.3,359593311,3
472.7,427.7,359593326,3
454.3,435.3,359593356,3
461.4,440.5,359593372,3
470.9,488.0,359593403,3
464.0,523.0,359593415,3
464.5,529.6,359593447,3
472.1,543.5,359593459,3
530.2,502.6,359593490,3
489.8,439.9,359593505,3
400.4,305.7,359593523,3
400.9,297.6,359593551,3
410.9,344.1,359593566,3
374.7,394.6,359593581,3
352.5,374.3,359593595,3
334.6,368.1,359593610,3
360.5,392.2,359593626,3
251.9,366.1,359593639,3
308.1,397.6,359593656,3
320.9,404.1,359593671,3
411.2,413.2,359593703,3
395.4,376.6,359593718,3
431.8,400.1,359593728,3
407.9,381.6,359593746,3
401.5,375.5,359593762,3
395.7,374.9,359593773,3
434.3,377.8,359593791,3
481.8,382.9,359593806,3
498.3,383.8,359593853,3
481.6,323.3,359593880,3
254.5,-21.8,359593925,3
236.9,-43.1,359593970,3
139.3, 11.3,359594016,3
177.9,-14.7,359594030,3
101.4, 36.9,359594075,3
101.4, 36.9,359594121,3
-183.3,-116.8,359594181,3
-278.2,-168.1,359594195,3
-278.2,-168.1,359594211,3
-276.3,-165.8,359594226,3
-102.1, -7.6,359594241,3
-84.1, -6.9,359594255,3
-23.2, 10.1,359594270,3
115.9,118.0,359594305,3
192.5,262.1,359594315,3
211.5,281.5,359594331,3
237.0,305.7,359594346,3
231.6,280.2,359594361,3
237.2,300.6,359594376,3
252.2,313.3,359594390,3
247.3,302.8,359594405,3
243.3,303.3,359594421,3
252.5,280.0,359594453,3
172.2,234.3,359594465,3
133.1,200.1,359594481,3
172.8,219.0,359594494,3
67.9,164.9,359594511,3
87.6,170.6,359594526,3
84.4,148.9,359594539,3
76.4,124.7,359594555,3
98.4,150.3,359594571,3
182.6,199.4,359594602,3
379.6,292.0,359594615,3
478.8,319.8,359594646,3
361.0,256.1,359594661,3
482.4,214.9,359594692,3
504.8,147.4,359594706,3
563.2,136.1,359594766,3
570.1,131.6,359594780,3
568.6,126.5,359594795,3
534.0, 74.4,359594811,3
500.2, 55.0,359594825,3
456.7, 67.6,359594840,3
466.4, 77.6,359594856,3
466.7, 78.7,359594871,3
420.2, 42.2,359594902,3
424.2, 35.4,359594918,3
415.8, 32.1,359594930,3
418.5, -1.3,359594948,3
420.9,-12.3,359594961,3
411.8,-37.2,359594976,3
411.7,-37.4,359594990,3
382.4,-10.8,359595006,3
392.4,-21.5,359595021,3
360.1,-40.1,359595052,3
374.1,-22.9,359595066,3
404.9,-20.9,359595081,3
473.8, 34.8,359595111,3
470.8, 42.5,359595126,3
475.9, 73.5,359595156,3
490.9,124.6,359595173,3
547.1,212.0,359595215,3
686.1,194.7,359595261,3
617.9,434.7,359595291,3
594.9,587.6,359595305,3
604.5,541.8,359595351,3
604.4,517.4,359595381,3
601.7,541.0,359595396,3
469.4,601.2,359595425,3
461.4,612.0,359595441,3
460.2,620.0,359595470,3
480.2,623.2,359595516,3
476.4,594.4,359595530,3
496.7,609.9,359595561,3
506.4,651.5,359595576,3
493.8,622.9,359595606,3
491.9,680.1,359595651,3
493.2,730.9,359595667,3
491.6,790.9,359595695,3
497.7,801.9,359595710,3
494.7,779.4,359595742,3
419.2,309.0,359595803,3
520.3,690.8,359595830,3
627.6,1126.4,359595876,3
624.9,1122.9,359595921,3
434.3,329.7,359595966,3
440.7,312.1,359596011,3
471.0,304.2,359596040,3
474.8,304.2,359596055,3
586.6,421.4,359596101,3
648.2,493.7,359596145,3
419.1,672.7,359596401,3
564.4,637.8,359596416,3
605.8,583.5,359596446,3
591.8,529.0,359596461,3
589.0,518.0,359596475,3
593.8,526.5,359596490,3
579.9,507.5,359596506,3
571.2,489.5,359596520,3
547.6,457.9,359596551,3
554.4,436.0,359596565,3
552.4,425.8,359596581,3
547.8,420.3,359596597,3
592.6,428.1,359596611,3
595.9,429.1,359596625,3
599.8,436.5,359596643,3
584.1,467.8,359596656,3
563.3,483.3,359596701,3
494.7,205.7,359596733,3
469.6, 72.5,359596746,3
497.0,148.5,359596775,3
555.1,300.5,359596792,3
574.4,369.0,359596821,3
512.8,256.3,359596852,3
532.4,296.7,359596866,3
501.2,240.5,359596883,3
473.5,197.1,359596912,3
480.9,221.0,359596926,3
501.4,256.2,359596957,3
542.2,351.1,359596970,3
506.8,376.9,359597002,3
496.9,369.9,359597015,3
465.5,366.9,359597046,3
476.0,364.9,359597061,3
474.6,364.5,359597093,3
481.5,372.9,359597107,3
-117.4, 21.9,359597151,3
-148.7,  1.2,359597165,3
-8.8, 90.5,359597181,3
90.8,137.5,359597196,3
-49.1, 53.9,359597210,3
-8.3, 59.0,359597226,3
22.1, 48.6,359597241,3
-45.4, 25.1,359597255,3
86.8, 30.8,359597270,3
92.1,104.6,359597316,3
216.5,331.6,359597330,3
467.2,566.1,359597360,3
485.3,466.0,359597376,3
437.4,285.5,359597406,3
422.1,192.3,359597420,3
418.0,159.9,359597454,3
411.4,121.5,359597466,3
421.9,106.9,359597496,3
439.1,133.2,359597511,3
414.9, 94.3,359597540,3
431.9,214.0,359597555,3
414.1,193.5,359597602,3
431.8,275.8,359597631,3
431.8,277.1,359597645,3
528.0,369.2,359597676,3
532.6,289.2,359597690,3
521.3,251.6,359597723,3
508.9,207.1,359597766,3
559.3,208.2,359597783,3
570.7,208.4,359597810,3
589.0,208.5,359597827,3
587.8,186.7,359597855,3
522.0,209.7,359597870,3
508.1,212.5,359597901,3
480.4,201.4,359597915,3
460.2,150.7,359597930,3
419.0, 70.5,359597946,3
394.7, 16.1,359597960,3
374.5,-38.4,359597990,3
525.5,353.2,359598080,3
596.3,353.0,359598125,3
577.4,360.7,359598141,3
585.1,356.0,359598170,3
556.3,365.5,359598201,3
555.3,354.9,359598216,3
199.5,107.1,359598230,3
48.2, 53.6,359598247,3
193.5,128.0,359598261,3
154.1, 94.3,359598276,3
154.1, 93.3,359598306,3
128.6, 83.0,359598321,3
273.5,153.4,359598352,3
276.2,165.8,359598365,3
272.9,215.8,359598381,3
259.3,211.2,359598398,3
291.5,200.8,359598411,3
180.2,136.9,359598424,3
154.0,121.3,359598441,3
198.0,142.7,359598455,3
88.0, 88.2,359598470,3
145.8,126.9,359598501,3
82.5, 98.9,359598516,3
177.7,127.2,359598532,3
223.5,156.8,359598545,3
133.5, 62.5,359598561,3
150.7, 30.0,359598577,3
173.1, 30.5,359598590,3
28.0, 16.0,359598604,3
28.5, 19.9,359598621,3
17.4, 48.9,359598651,3
47.5, 61.2,359598666,3
119.5,188.2,359598681,3
150.0,199.2,359598695,3
187.1,232.1,359598710,3
214.5,270.0,359598725,3
125.0,140.0,359598741,3
147.0,157.4,359598757,3
78.4, 80.8,359598771,3
164.3,182.7,359598802,3
170.9,189.6,359598815,3
-7.1,107.0,359598831,3
112.7,169.2,359598845,3
175.6,227.5,359598860,3
127.5,191.2,359598875,3
97.8,132.5,359598891,3
133.1,157.6,359598905,3
41.3, 64.0,359598922,3
95.7,125.9,359598953,3
26.6, 60.6,359598965,3
51.6, 88.5,359598981,3
97.6,176.7,359598995,3
-60.6, 86.6,359599009,3
-48.2,119.4,359599027,3
16.8,171.8,359599041,3
-79.0, 55.9,359599057,3
-12.2,116.1,359599070,3
-68.3, 25.6,359599101,3
24.0,118.6,359599116,3
-63.0, 18.2,359599130,3
-84.4, -7.8,359599145,3
100.5,169.9,359599163,3
113.7,193.0,359599176,3
4.7, 76.2,359599190,3
40.3,121.8,359599205,3
72.6,154.8,359599221,3
455.0,538.3,359599253,3
378.8,468.7,359599266,3
8.4, 99.8,359599280,3
50.6,125.2,359599296,3
115.6,194.3,359599311,3
-117.1,-44.3,359599325,3
-38.7, 39.5,359599340,3
-68.4, -5.2,359599355,3
-3.7,694.5,359599596,3
562.1,547.5,359599640,3
522.9,482.2,359599656,3
433.7,430.5,359599672,3
192.5,228.1,359599702,3
-64.2, 51.8,359599715,3
22.2,108.9,359599730,3
66.5,135.7,359599747,3
124.4,212.4,359599760,3
127.8,210.6,359599776,3
-42.4,112.2,359599790,3
232.6,214.0,359599822,3
247.2,218.5,359599851,3
429.6,426.0,359599865,3
435.0,397.2,359599881,3
450.9,389.2,359599896,3
350.5,286.0,359599912,3
287.2,234.0,359599926,3
448.2,318.7,359599943,3
439.9,306.7,359599958,3
416.1,283.9,359599970,3
181.0,123.6,359600001,3
117.4, 86.3,359600015,3
286.5,125.5,359600031,3
223.9, 65.4,359600046,3
81.6,  8.4,359600060,3
312.2, 25.2,359600075,3
270.2, -0.1,359600092,3
200.4,-20.0,359600106,3
365.7, 10.7,359600120,3
395.2,  5.4,359600167,3
385.2, 12.3,359600180,3
405.6, 19.1,359600210,3
431.6, -3.6,359600227,3
428.3,-13.2,359600255,3
403.4,-18.5,359600270,3
375.8,  1.9,359600315,3
362.7,  9.9,359600332,3
362.7, 10.7,359600345,3
362.7, 10.9,359600361,3
405.3,-23.3,359600376,3
444.8,-55.6,359600406,3
442.0,-52.0,359600420,3
421.7,-93.0,359600452,3
415.6,-112.7,359600466,3
407.3,-129.7,359600480,3
422.6,-103.8,359600512,3
416.6,-97.0,359600542,3
410.2,-95.7,359600556,3
417.4,-95.1,359600570,3
476.3, 31.6,359600660,3
442.6,107.4,359600705,3
816.7,251.6,359600751,3
854.0,263.7,359600766,3
759.0,181.2,359600781,3
476.8, -2.8,359600795,3
435.8,-16.0,359600826,3
496.2, 29.8,359600840,3
343.2,190.8,359600871,3
270.0,111.3,359600901,3
251.9, 91.2,359600916,3
317.1,248.7,359600932,3
335.6,352.2,359600946,3
313.9,363.9,359600960,3
322.2,360.9,359600975,3
314.5,308.8,359601006,3
339.8,294.0,359601052,3
395.5,317.2,359601080,3
584.5,343.9,359601097,3
586.2,347.4,359601126,3
574.5,400.1,359601141,3
552.3,356.0,359601171,3
567.9,512.6,359601200,3
584.6,551.2,359601216,3
577.0,609.0,359601231,3
586.9,677.6,359601259,3
597.6,665.6,359601276,3
584.5,665.3,359601306,3
590.2,674.4,359601321,3
580.2,661.5,359601352,3
515.3,481.9,359601365,3
514.5,426.2,359601397,3
511.0,438.1,359601411,3
519.4,406.9,359601456,3
536.7,422.4,359601502,3
536.7,422.2,359601514,3
468.3,377.6,359601546,3
466.5,371.9,359601577,3
326.9,282.0,359601591,3
345.2,294.3,359601603,3
389.3,329.3,359601622,3
372.1,419.6,359601649,3
366.5,388.6,359601665,3
360.4,367.3,359601680,3
373.6,428.2,359601694,3
417.3,485.3,359601711,3
402.3,462.8,359601725,3
401.2,445.2,359601740,3
356.2,399.4,359601756,3
346.7,393.1,359601771,3
271.8,302.9,359601802,3
241.4,285.0,359601816,3
116.8,203.4,359601829,3
101.4,189.5,359601846,3
119.6,196.5,359601861,3
138.3,198.6,359601875,3
93.7,178.0,359601890,3
55.8,144.9,359601905,3
-37.0, 61.8,359601921,3
-242.5,-158.2,359601952,3
-252.4,-170.4,359601967,3
-237.3,-196.3,359601980,3
61.7,170.4,359602011,3
15.8,128.3,359602057,3
-84.5, 18.5,359602070,3
-19.3, 91.5,359602103,3
-273.5,-182.8,359602115,3
-273.9,-183.0,359602132,3
-274.0,-183.0,359602162,3
-269.8,-179.5,359602178,3
8.2, -8.1,359602190,3
61.9, 10.5,359602206,3
28.7,  0.1,359602220,3
187.0, 56.0,359602254,3
489.9,580.0,359602283,3
505.4,609.9,359602299,3
438.4,276.9,359602328,3
447.3,315.1,359602341,3
418.6, 54.6,359602355,3
370.4, 13.2,359602371,3
271.6,-34.5,359602402,3
197.2,-38.5,359602418,3
161.7,-56.1,359602430,3
139.0,-50.1,359602446,3
136.5,-46.0,359602461,3
137.0,-34.1,359602475,3
137.0,-26.5,359602491,3
136.9,-19.5,359602505,3
135.9,-16.0,359602521,3
-133.8,-129.4,359602551,3
-10.9,-77.9,359602566,3
-29.4,-86.6,359602582,3
-19.2,-84.2,359602598,3
61.4,-55.4,359602610,3
170.6, 19.1,359602625,3
1132.8,-182.5,359602851,3
822.4, 82.1,359602881,3
613.4,169.1,359602896,3
692.2, 99.6,359602925,3
625.7,145.8,359602941,3
514.4,143.4,359602955,3
173.6, 77.6,359602970,3
98.5, 22.9,359603001,3
151.0, 25.6,359603015,3
122.5,  1.9,359603031,3
25.8,-31.7,359603045,3
-4.9,-41.7,359603061,3
89.5,-14.3,359603075,3
-69.5,-41.3,359603091,3
-65.2,-31.9,359603105,3
-23.8,-18.2,359603121,3
341.0,  4.0,359603150,3
273.7, -1.9,359603165,3
125.4, 23.0,359603182,3
148.8, 55.8,359603196,3
135.3, 60.6,359603211,3
97.2, 71.9,359603225,3
65.1, 48.7,359603240,3
46.1, 34.9,359603256,3
63.0, -5.9,359603270,3
72.1,  7.4,359603301,3
69.3, -5.9,359603316,3
80.2, 22.2,359603330,3
86.4, 99.7,359603345,3
-73.4,-16.7,359603361,3
-119.0,-42.4,359603377,3
-85.1,-20.8,359603391,3
24.8,-52.4,359603406,3
24.0,-66.0,359603420,3
66.3,-58.3,359603452,3
71.1,-64.8,359603464,3
84.6,-41.6,359603481,3
99.7,-60.5,359603496,3
101.9,-71.9,359603526,3
114.5,-71.3,359603540,3
130.9,-40.1,359603556,3
165.0,-51.9,359603571,3
684.5,-37.0,359603616,3
702.3,-17.8,359603661,3
656.2,118.2,359603707,3
645.1,248.0,359603752,3
587.6,295.6,359603765,3
576.5,310.9,359603795,3
618.7,343.6,359603811,3
660.8,389.0,359603840,3
666.1,407.0,359603856,3
670.3,408.0,359603902,3
593.3,420.2,359603931,3
591.0,437.5,359603947,3
543.4,620.0,359603976,3
524.1,671.3,359604020,3
528.5,667.1,359604065,3
537.7,677.6,359604080,3
552.1,722.8,359604111,3
568.8,817.4,359604155,3
565.8,946.0,359604170,3
561.8,939.1,359604202,3
542.5,794.3,359604215,3
527.1,732.7,359604245,3
531.2,756.4,359604260,3
530.9,777.4,359604291,3
524.4,784.6,359604305,3
514.9,802.8,359604352,3
512.3,804.6,359604364,3
316.4,551.6,359604381,3
71.7,359.8,359604396,3
402.7,533.8,359604410,3
251.6,446.3,359604425,3
211.6,392.5,359604440,3
176.3,331.2,359604455,3
116.1,233.6,359604470,3
144.0,209.7,359604501,3
147.2,185.4,359604515,3
143.2,171.4,359604529,3
100.4,116.5,359604545,3
-29.2, 29.5,359604560,3
-43.6,-12.9,359604576,3
-24.7,-11.8,359604591,3
30.3, -2.3,359604606,3
169.5,112.5,359604620,3
179.5,112.7,359604652,3
176.9,131.5,359604665,3
177.3,136.7,359604680,3
179.1,147.0,359604696,3
116.2, 34.1,359604710,3
116.5, 50.7,359604726,3
132.7,111.5,359604743,3
141.9,135.6,359604755,3
194.7,137.4,359604771,3
249.4,186.7,359604800,3
204.2,164.5,359604814,3
166.9,145.5,359604830,3
223.3,162.5,359604862,3
211.5,153.8,359604876,3
20.2, 58.5,359604891,3
28.9, 71.6,359604905,3
208.5,155.4,359604921,3
190.3,132.7,359604952,3
186.8,124.9,359604966,3
107.4, 88.3,359604979,3
155.0, 93.0,359604996,3
156.4, 47.6,359605010,3
178.0, 47.0,359605025,3
151.1, -4.9,359605041,3
147.4,-17.0,359605056,3
148.0,-25.0,359605070,3
161.9,-16.4,359605101,3
161.1, -3.7,359605115,3
150.5, -8.4,359605129,3
144.7,-33.1,359605146,3
103.1,-79.1,359605160,3
101.4,-80.8,359605175,3
93.6,-91.1,359605193,3
95.2,-84.7,359605206,3
92.7,-83.2,359605220,3
92.2,-78.3,359605251,3
341.8,-123.5,359605266,3
360.0,-126.4,359605281,3
418.7,-137.5,359605295,3
422.1,-141.6,359605310,3
211.9,-156.5,359605325,3
-139.6,-182.7,359605340,3
-68.4,-189.8,359605355,3
-199.7,-191.1,359605370,3
-197.1,-186.6,359605401,3
-211.8,-157.4,359605415,3
-93.2,-158.4,359605430,3
-77.6,-175.7,359605446,3
-152.6,-189.8,359605460,3
-149.0,-188.5,359605477,3
-161.3,-182.4,359605490,3
-186.1,-165.8,359605505,3
-249.5,-101.8,359605522,3
-257.5,-76.2,359605552,3
-250.1,-64.6,359605567,3
-245.1,-27.6,359605580,3
-242.2,-29.3,359605598,3
-235.1,-24.6,359605610,3
-233.6,-10.1,359605626,3
-242.6,-19.3,359605641,3
-230.1,-16.6,359605670,3
1.2,-15.0,359605701,3
2.3,-25.9,359605716,3
-13.6, -9.9,359605729,3
-109.5,-34.9,359605745,3
-140.3,-36.5,359605760,3
-272.8,-49.1,359605776,3
-263.5,-28.1,359605790,3
-246.9,-18.0,359605807,3
-247.5,-16.7,359605822,3
-220.4,  3.2,359605851,3
-218.3,  5.6,359605864,3
-213.1,  9.2,359605895,3
-210.3, -0.7,359605910,3
-203.4, -9.1,359605926,3
-177.6,-12.6,359605942,3
-192.0, -5.9,359605956,3
-194.8, 41.3,359606002,3
-7.2,107.3,359606015,3
174.9, 90.4,359606030,3
61.8,-31.8,359606046,3
132.0, 48.4,359606062,3
-94.9, 21.0,359606075,3
-35.6, 46.5,359606090,3
-31.2, 43.8,359606105,3
-80.7, 50.5,359606121,3
118.3, 97.6,359606151,3
121.2, 83.6,359606164,3
167.1, 96.6,359606180,3
221.5,119.0,359606196,3
96.8, 75.5,359606211,3
114.6,109.5,359606226,3
113.0,129.5,359606243,3
-6.4, 37.1,359606255,3
32.1, 78.6,359606272,3
-105.7,-20.6,359606300,3
-14.9, 72.6,359606317,3
-78.4,  1.3,359606332,3
-97.0,-28.7,359606344,3
35.2,114.5,359606361,3
85.4,156.9,359606375,3
-73.9,-24.9,359606391,3
24.9, 42.8,359606405,3
60.5, 84.6,359606419,3
170.2,247.7,359606451,3
188.5,262.4,359606465,3
219.7,198.0,359606480,3
188.1,185.8,359606495,3
169.3,177.4,359606511,3
165.4,172.2,359606525,3
5.7, 36.4,359606541,3
43.7, 69.3,359606556,3
-34.4, -4.3,359606570,3
110.5,102.5,359606603,3
208.3,168.0,359606615,3
-54.5,-41.6,359606631,3
41.5, 44.0,359606645,3
-21.4, 10.3,359606675,3
-29.2, -1.2,359606690,3
269.0,190.2,359606705,3
422.4,287.4,359606721,3
418.6,287.3,359606766,3
410.3,280.2,359606779,3
160.9, 71.0,359606825,3
161.0, 72.5,359606841,3
112.4, 38.3,359606857,3
133.1, 50.6,359606871,3
135.6, 54.9,359606903,3
149.0, 59.7,359606917,3
169.7, 56.6,359606930,3
29.7,560.6,359607202,3
156.6,313.2,359607215,3
164.3,186.2,359607244,3
166.7,104.3,359607261,3
213.2, 55.5,359607290,3
354.0, 37.8,359607307,3
367.6, 27.0,359607320,3
278.6, 79.1,359607353,3
196.6,188.8,359607366,3
189.7,206.0,359607380,3
123.6,193.9,359607396,3
124.1,189.9,359607410,3
121.7,148.3,359607427,3
114.2, 91.7,359607441,3
114.4, 60.6,359607456,3
111.6, 43.8,359607471,3
97.8, 19.3,359607502,3
93.6, 16.2,359607515,3
87.4, 10.1,359607530,3
86.6, 11.5,359607545,3
68.4, 24.5,359607560,3
65.1, 28.3,359607575,3
68.2, 28.3,359607591,3
93.6, 27.9,359607604,3
86.2, 31.1,359607620,3
-195.9,-80.9,359607651,3
-93.3, -3.4,359607664,3
65.1,133.8,359607679,3
4.3, 86.4,359607695,3
75.3,169.1,359607710,3
68.7,150.4,359607725,3
36.3,111.2,359607740,3
404.7,298.0,359607755,3
251.8, 95.5,359607770,3
347.5,105.2,359607803,3
299.6, 94.4,359607815,3
-60.5,-105.8,359607829,3
57.4,-26.7,359607844,3
85.3, 76.6,359607860,3
-72.1,-84.8,359607874,3
-13.0,-24.7,359607891,3
78.5,106.1,359607905,3
102.8,161.2,359607951,3
319.7,509.7,359607981,3
485.1,898.7,359607995,3
506.3,976.1,359608026,3
519.2,979.8,359608040,3
482.4,1030.6,359608116,3
457.6,948.8,359608129,3
437.6,948.4,359608175,3
470.3,952.7,359608219,3
544.3,1098.1,359608266,3
530.1,1114.3,359608295,3
527.1,1133.5,359608311,3
473.1,1052.7,359608343,3
463.4,1073.7,359608355,3
482.5,1023.1,359608402,3
506.1,975.3,359608431,3
501.3,971.1,359608445,3
494.0,962.3,359608461,3
493.7,964.6,359608476,3
493.7,963.7,359608490,3
553.8,913.8,359608506,3
542.9,907.1,359608523,3
520.9,903.9,359608551,3
515.6,902.3,359608565,3
570.7,863.5,359608580,3
679.2,739.3,359608610,3
673.3,743.8,359608624,3
677.6,761.0,359608656,3
679.9,797.5,359608669,3
661.7,791.1,359608702,3
575.9,844.2,359608714,3
557.1,856.1,359608745,3
552.4,874.6,359608761,3
557.4,878.8,359608775,3
601.3,878.1,359608790,3
642.5,879.0,359608806,3
666.9,873.5,359608850,3
656.0,818.7,359608864,3
656.3,663.7,359608880,3
564.6,777.4,359609194,3
564.6,777.4,359609225,3
563.7,628.9,359609242,3
425.3,338.5,359609254,3
194.8,165.1,359609271,3
36.9, 67.5,359609301,3
-93.9,-24.9,359609314,3
49.4, 78.1,359609331,3
-62.3, 36.8,359609344,3
-127.1,-18.1,359609359,3
-44.3, 67.9,359609376,3
129.8,156.0,359609389,3
743.6,484.0,359609467,3
651.6,447.2,359609510,3
616.1,417.1,359609525,3
618.4,429.2,359609555,3
602.4,418.2,359609570,3
558.4,423.0,359609601,3
557.0,426.8,359609616,3
569.9,437.8,359609645,3
563.0,439.6,359609660,3
561.4,478.1,359609690,3
568.7,500.3,359609704,3
608.3,662.2,359609780,3
596.0,674.0,359609794,3
588.4,740.6,359609827,3
601.1,680.7,359609840,3
590.8,681.5,359609869,3
556.6,693.6,359609915,3
566.6,722.2,359609931,3
596.8,692.4,359609960,3
588.2,654.5,359609975,3
581.0,661.0,359610007,3
571.2,669.4,359610020,3
553.9,670.2,359610052,3
557.6,685.6,359610064,3
570.4,709.0,359610095,3
579.2,710.9,359610111,3
597.8,717.2,359610140,3
599.0,720.3,359610155,3
562.7,791.1,359610201,3
556.7,746.8,359610232,3
556.4,721.9,359610245,3
530.5,618.5,359610276,3
518.2,546.9,359610289,3
363.0,430.0,359610304,3
-137.7, 36.5,359610321,3
-221.5,-30.1,359610352,3
-19.6,164.1,359610365,3
42.9,223.3,359610381,3
-82.2,105.9,359610396,3
89.0,267.8,359610409,3
82.2,265.8,359610427,3
84.9,273.0,359610455,3
98.4,286.0,359610471,3
562.4,734.8,359610501,3
489.8,738.1,359610515,3
480.4,706.8,359610544,3
347.4,564.2,359610561,3
96.5,295.6,359610575,3
-11.6,133.8,359610590,3
-85.9, 33.1,359610605,3
240.7,269.3,359610679,3
619.7,571.0,359610979,3
503.2,457.8,359610995,3
497.8,547.0,359611010,3
513.8,614.3,359611040,3
501.7,592.3,359611054,3
297.9,404.7,359611070,3
289.2,464.5,359611101,3
270.4,446.9,359611115,3
215.7,404.5,359611131,3
238.9,429.7,359611147,3
55.4,319.0,359611159,3
19.0,293.1,359611175,3
-3.0,273.6,359611192,3
-25.3,238.0,359611204,3
169.7,255.9,359611220,3
190.8,251.5,359611265,3
257.3,241.7,359611280,3
306.2, 86.9,359611309,3
410.9,109.1,359611324,3
410.9,177.6,359611355,3
515.9,361.4,359611372,3
463.0,358.3,359611401,3
493.6,151.2,359611414,3
443.2,109.0,359611447,3
513.5,133.3,359611460,3
363.5, 35.7,359611490,3
518.6,-37.6,359611550,3
423.6,-10.2,359611580,3
363.9, 28.1,359611596,3
512.3,136.0,359611609,3
366.6, 87.9,359611624,3
496.4,161.7,359611641,3
493.8,167.3,359611654,3
323.4, 86.7,359611670,3
291.3, 74.3,359611700,3
245.0, 82.2,359611716,3
426.4,305.2,359611730,3
339.9,261.7,359611744,3
309.9,253.7,359611760,3
388.0,465.5,359611776,3
316.7,399.6,359611790,3
295.6,352.1,359611805,3
224.7,273.6,359611850,3
258.4,127.6,359611865,3
63.7, 28.5,359611880,3
172.0, 54.3,359611895,3
297.9, 90.2,359611911,3
161.9, 31.1,359611925,3
134.3,  1.3,359611941,3
114.7,-11.0,359611970,3
365.6,154.1,359612001,3
347.2,146.4,359612015,3
169.7, 56.5,359612030,3
310.9,102.9,359612044,3
181.9, 41.6,359612059,3
167.3, 42.9,359612075,3
252.9, 58.8,359612090,3
145.7, 13.3,359612105,3
188.7, 26.5,359612120,3
156.0, 13.0,359612150,3
133.5, -7.3,359612166,3
168.7,191.7,359612181,3
203.1,354.0,359612194,3
164.5,136.7,359612210,3
366.7,169.5,359612226,3
310.4, 75.2,359612239,3
290.3,  7.2,359612255,3
191.0,-87.0,359612300,3
-36.2,-133.7,359612315,3
-116.1,-150.4,359612329,3
-190.1,-165.0,359612346,3
-249.6,-176.8,359612362,3
-302.3,-186.9,359612375,3
-308.7,-195.5,359612393,3
-310.6,-198.1,359612405,3
-352.3,-189.9,359612465,3
-346.3,-192.3,359612481,3
-349.5,-191.0,359612496,3
-353.1,-189.6,359612524,3
-353.1,-189.6,359612571,3
646.2,157.6,359612629,3
652.7,140.1,359612660,3
624.6,146.4,359612677,3
-52.3,-118.7,359612691,3
-6.9,-88.6,359612707,3
86.3,-28.9,359612721,3
87.8, -8.0,359612752,3
209.1, 81.2,359612764,3
415.2,203.0,359612779,3
247.2,140.1,359612796,3
401.9,297.0,359612810,3
419.0,318.9,359612840,3
379.4,290.6,359612855,3
594.5,513.1,359612870,3
628.7,556.9,359612902,3
606.6,517.0,359612932,3
597.5,512.3,359612944,3
571.2,496.7,359612975,3
546.6,489.5,359612990,3
546.5,496.6,359613021,3
559.4,613.9,359613064,3
588.0,683.8,359613079,3
607.1,727.2,359613110,3
584.2,663.7,359613125,3
580.9,652.1,359613155,3
582.2,651.8,359613170,3
347.4,394.9,359613203,3
210.7,250.8,359613216,3
107.7,152.2,359613229,3
-50.2, -4.1,359613246,3
56.0,107.6,359613260,3
-29.5, 25.4,359613275,3
-74.1,-14.7,359613290,3
1.5, 71.0,359613305,3
429.6,562.1,359613350,3
421.0,658.3,359613381,3
506.6,726.7,359613409,3
363.3,712.1,359613455,3
782.5,701.7,359613680,3
213.4,187.4,359613710,3
223.1,187.5,359613724,3
276.5,256.9,359613754,3
277.1,237.8,359613771,3
306.4,245.4,359613801,3
783.5,392.1,359613816,3
671.7,348.4,359613830,3
599.3,317.5,359613845,3
402.3,246.6,359613859,3
189.9,178.1,359613876,3
185.4,194.5,359613889,3
160.9,181.0,359613905,3
147.9,182.6,359613920,3
131.7,190.6,359613952,3
149.4,215.3,359613966,3
314.5,357.2,359613980,3
551.8,561.0,359613995,3
288.7,300.1,359614025,3
240.1,267.0,359614039,3
220.2,239.8,359614055,3
183.3,192.7,359614070,3
141.7,199.1,359614103,3
137.9,180.0,359614115,3
132.4,147.9,359614132,3
134.4,162.3,359614146,3
149.9,131.4,359614160,3
149.5,113.8,359614175,3
-38.2,-13.9,359614193,3
-58.7,-22.4,359614205,3
44.7, 42.9,359614220,3
140.8,111.5,359614252,3
157.1,129.1,359614264,3
94.3, 90.9,359614279,3
103.4, 93.7,359614295,3
167.3,131.2,359614310,3
168.0,130.7,359614325,3
161.4, 89.3,359614340,3
164.8, 79.3,359614355,3
36.6,  2.0,359614370,3
161.1, 51.8,359614401,3
194.4,179.6,359614416,3
200.4,175.7,359614432,3
184.9,121.7,359614444,3
181.7, 98.0,359614461,3
195.3, 77.7,359614476,3
181.8, 50.3,359614491,3
166.1, 18.5,359614506,3
168.3, 20.5,359614521,3
207.5, 69.5,359614552,3
208.5, 48.4,359614564,3
210.7, 38.4,359614581,3
212.7, 39.0,359614596,3
149.3, -7.4,359614610,3
198.1, 29.0,359614625,3
49.1,-40.2,359614641,3
72.6,-24.0,359614655,3
107.2,-15.2,359614671,3
192.9, 18.4,359614702,3
193.8, 44.9,359614715,3
72.7, -4.8,359614732,3
97.3, 12.4,359614745,3
172.9, 59.0,359614762,3
-52.5,-34.7,359614774,3
-7.2,-21.2,359614789,3
60.0, 10.1,359614805,3
95.2,  0.5,359614822,3
-97.2,-145.3,359614851,3
-76.0,-134.6,359614866,3
-53.2,-123.8,359614880,3
-7.4,-109.9,359614895,3
44.8,-91.5,359614911,3
518.4, 66.9,359614925,3
455.9,154.3,359614939,3
495.8,172.8,359614954,3
571.8,197.6,359615003,3
504.2,184.1,359615014,3
489.7,194.3,359615030,3
526.2,246.0,359615046,3
533.8,246.3,359615060,3
527.0,237.9,359615075,3
536.6,225.1,359615089,3
552.8,213.0,359615105,3
554.9,211.8,359615120,3
520.1,206.9,359615151,3
505.7,204.5,359615165,3
440.0,170.4,359615179,3
450.3,156.3,359615198,3
31.5,-13.0,359615209,3
120.1, 13.9,359615226,3
234.7, 36.7,359615240,3
126.1, -5.9,359615253,3
238.8, -5.5,359615272,3
256.8, -0.7,359615301,3
286.1,  4.2,359615315,3
289.1,-13.5,359615330,3
259.7,-31.7,359615344,3
335.2,-13.0,359615360,3
413.0,  8.1,359615374,3
316.6,-73.2,359615389,3
332.4,-81.4,359615404,3
332.1,-87.3,359615420,3
458.1,-79.0,359615451,3
495.9,-48.9,359615467,3
462.2,-74.3,359615481,3
413.5,-33.5,359615496,3
449.1,-33.4,359615510,3
296.5, 39.6,359615525,3
253.7, 72.8,359615539,3
440.3,105.1,359615556,3
317.5, 94.3,359615571,3
381.7,109.1,359615615,3
370.6,119.8,359615630,3
77.8,118.0,359615750,3
653.1,-88.7,359615780,3
486.5, -9.4,359615811,3
488.3, 11.2,359615825,3
441.1, 33.9,359615855,3
343.5, 69.6,359615902,3
267.1, 93.3,359615914,3
53.1,117.2,359615930,3
165.9, 62.3,359615945,3
165.6, 60.2,359615974,3
24.5,113.3,359615990,3
96.5, 86.3,359616005,3
102.5, 76.8,359616020,3
103.6, 82.1,359616051,3
75.9,130.8,359616065,3
160.7,160.3,359616079,3
216.0,196.5,359616095,3
141.1,171.1,359616109,3
164.7,223.5,359616125,3
168.9,120.0,359616140,3
2.9, 59.5,359616171,3
76.0, 15.3,359616201,3
93.5, 16.1,359616216,3
160.6, 43.7,359616231,3
367.5,133.8,359616247,3
278.9,131.3,359616260,3
231.4,123.2,359616276,3
221.0,134.5,359616289,3
209.0,127.8,359616305,3
213.0,124.1,359616320,3
205.3, 95.3,359616353,3
208.9, 92.9,359616366,3
206.1, 94.7,359616379,3
209.6,117.0,359616395,3
194.2,114.2,359616410,3
-59.0,-29.8,359616425,3
-54.4,-23.0,359616441,3
23.2, -4.3,359616455,3
-95.5,-64.0,359616470,3
-8.9,-49.3,359616501,3
-59.3,-67.7,359616514,3
-152.4,-107.4,359616530,3
36.0, 73.1,359616544,3
-56.9, -6.5,359616560,3
-5.7, 58.1,359616576,3
26.0, 88.2,359616589,3
-112.9, -2.8,359616604,3
-30.8, 78.0,359616620,3
-181.5,-19.7,359616650,3
-63.8, 82.3,359616666,3
-148.9, 16.0,359616680,3
-211.5,-61.4,359616694,3
-128.2, 27.1,359616710,3
-99.2, 58.8,359616726,3
84.9,217.4,359616756,3
141.8,274.7,359616770,3
165.7,297.2,359616802,3
161.2,298.5,359616815,3
156.7,300.8,359616846,3
156.4,300.9,359616859,3
164.0,288.7,359616890,3
163.3,289.7,359616905,3
148.6,283.5,359616950,3
150.3,296.9,359616979,3
160.8,288.0,359616995,3
161.5,278.5,359617025,3
159.6,277.7,359617040,3
155.2,275.6,359617070,3
152.3,267.4,359617116,3
150.9,255.7,359617130,3
150.1,249.2,359617160,3
433.1,566.5,359617175,3
510.4,659.1,359617205,3
593.0,739.2,359617251,3
683.5,617.2,359617504,3
683.5,617.2,359617519,3
683.5,617.2,359617565,3
659.0,597.7,359617582,3
209.9,235.2,359617594,3
46.5,104.3,359617610,3
136.8,174.7,359617624,3
-75.9, 19.9,359617640,3
3.2, 73.2,359617655,3
42.1,102.1,359617669,3
208.9,201.6,359617701,3
199.8,146.4,359617714,3
217.4,163.7,359617745,3
204.8,117.8,359617760,3
400.6,255.6,359617791,3
443.7,281.1,359617804,3
633.6,258.0,359617819,3
610.2,363.9,359617850,3
584.0,294.2,359617882,3
590.4,250.1,359617897,3
358.9,158.8,359617925,3
226.5, 67.5,359617939,3
137.8, 13.2,359617969,3
131.4,  4.2,359618016,3
134.5,  7.5,359618029,3
450.0,390.8,359618060,3
601.8,571.1,359618075,3
551.5,546.6,359618106,3
549.4,524.7,359618119,3
567.2,532.2,359618152,3
567.6,530.2,359618165,3
574.4,516.4,359618182,3
598.0,535.1,359618210,3
612.6,536.7,359618256,3
632.3,518.4,359618301,3
660.7,429.9,359618344,3
629.9,453.5,359618389,3
594.4,507.0,359618420,3
595.3,566.0,359618467,3
605.9,595.2,359618479,3
601.7,593.8,359618510,3
594.0,589.7,359618524,3
590.9,597.1,359618554,3
568.3,609.8,359618569,3
564.0,621.2,359618602,3
555.4,662.4,359618615,3
570.1,639.2,359618645,3
583.7,615.6,359618660,3
548.8,619.9,359618689,3
531.1,630.0,359618704,3
515.7,673.2,359618751,3
517.0,664.3,359618781,3
526.6,620.1,359618796,3
267.2,394.4,359618824,3
242.1,366.6,359618840,3
170.9,295.3,359618856,3
37.7,161.7,359618869,3
-115.0,  7.1,359618902,3
-17.0,104.8,359618915,3
381.3,471.9,359618930,3
326.9,418.9,359618960,3
589.9,662.7,359618975,3
603.8,670.8,359619005,3
597.2,722.1,359619019,3
610.4,768.0,359619051,3
597.3,767.6,359619065,3
575.1,775.0,359619095,3
579.7,765.5,359619109,3
569.9,763.0,359619139,3
567.2,758.0,359619155,3
587.4,678.4,359619231,3
592.1,671.3,359619244,3
621.2,745.1,359619275,3
608.0,754.1,359619290,3
576.0,738.3,359619320,3
565.4,736.0,359619367,3
549.4,730.5,359619381,3
429.4,694.3,359619410,3
687.1,370.2,359619664,3
678.2,601.9,359619680,3
672.3,523.4,359619696,3
670.8,461.6,359619710,3
693.4,524.2,359619739,3
698.0,538.0,359619757,3
688.0,524.1,359619801,3
714.7,520.3,359619815,3
701.6,520.8,359619831,3
706.1,525.2,359619844,3
450.7,386.8,359619862,3
376.8,315.4,359619875,3
610.8,388.7,359619889,3
626.5,395.9,359619905,3
398.9,264.6,359619921,3
387.5,245.0,359619951,3
390.9,195.2,359619965,3
353.5,182.4,359619979,3
216.8, 24.2,359620009,3
481.1, 79.0,359620024,3
436.1, 68.2,359620039,3
258.7, 74.2,359620055,3
457.0,111.0,359620068,3
377.1, 98.5,359620100,3
476.3, 96.3,359620114,3
449.3, 90.4,359620130,3
304.3, 60.5,359620144,3
380.8, 80.1,359620159,3
376.6, 91.2,359620174,3
453.3,146.8,359620190,3
533.3,189.0,359620203,3
379.0,172.3,359620219,3
517.5,252.2,359620251,3
410.5,203.4,359620267,3
424.9,196.6,359620280,3
461.7,176.2,359620294,3
432.2,149.7,359620310,3
490.5,150.1,359620325,3
509.7,134.5,359620342,3
339.6, 73.1,359620355,3
323.2, 39.0,359620400,3
623.8, 77.6,359620431,3
548.5, 78.1,359620445,3
589.6, 73.7,359620460,3
547.8, 66.0,359620474,3
407.4, 46.8,359620490,3
226.5, -6.9,359620504,3
45.4,-71.5,359620519,3
-205.0,-121.8,359620550,3
-60.9,-84.0,359620564,3
54.9,-32.2,359620582,3
114.6, 18.4,359620610,3
177.1, 18.3,359620624,3
187.2,  9.1,359620654,3
251.3,-36.9,359620672,3
340.1,-105.6,359620700,3
471.3,-141.9,359620715,3
391.4,-127.1,359620730,3
334.0,-117.5,359620760,3
570.1, -1.2,359620805,3
653.5,118.6,359620850,3
574.1, 82.7,359620865,3
140.8, 31.0,359620896,3
-252.9,  0.4,359620909,3
-258.5, 12.8,359620939,3
50.0, 63.4,359620955,3
680.4,216.9,359621000,3
620.0,132.0,359621014,3
638.0,126.2,359621030,3
575.2, 31.5,359621045,3
557.3,  5.8,359621074,3
556.8,  5.5,359621090,3
553.8,  1.7,359621119,3
549.5, -4.5,359621166,3
549.5, -4.5,359621180,3
219.4, 78.4,359621210,3
468.6, 69.8,359621224,3
469.4,  4.9,359621241,3
471.3,-15.1,359621254,3
479.6,-22.6,359621269,3
491.7,-29.2,359621302,3
525.2,-21.2,359621314,3
535.1, -1.7,359621329,3
527.2, -9.2,359621345,3
527.8,  2.6,359621360,3
518.3, 16.5,359621374,3
516.4, 12.9,359621390,3
492.2, -9.4,359621405,3
489.3, -8.0,359621419,3
493.7,-47.9,359621450,3
490.7,-54.1,359621464,3
515.4,-21.3,359621495,3
505.5,-15.4,359621511,3
492.3,-17.3,359621539,3
462.6,-45.2,359621554,3
439.4,-74.1,359621600,3
415.8,-115.3,359621630,3
420.4,-105.9,359621643,3
408.0,-128.3,359621674,3
458.7,-56.8,359621689,3
397.6, 29.4,359621720,3
-94.3,-43.3,359621750,3
-87.4,-40.9,359621765,3
148.9, 39.4,359621780,3
442.4,145.2,359621794,3
326.7,111.0,359621810,3
448.7,141.3,359621824,3
199.5, 82.0,359621840,3
212.0, 57.5,359621854,3
380.2, 26.4,359621869,3
325.0,  3.8,359621900,3
455.1, 59.9,359621914,3
326.7, 55.5,359621929,3
323.1,  4.8,359621944,3
443.2,-34.1,359621959,3
384.0,-10.9,359621974,3
249.7, -5.3,359621990,3
390.6, 55.5,359622004,3
420.8, 71.4,359622020,3
399.4, 82.6,359622052,3
292.0, 46.6,359622064,3
303.4, 75.3,359622080,3
434.1,119.5,359622095,3
-44.6,-42.7,359622110,3
81.2, 46.0,359622125,3
180.2, 97.6,359622139,3
195.2,-14.4,359622169,3
-69.3,-38.3,359622200,3
-67.1,-40.4,359622214,3
-1.9,-54.6,359622229,3
1.5,-74.2,359622245,3
132.0, 28.8,359622260,3
224.0, 59.8,359622274,3
-44.2, 12.8,359622289,3
56.3,-62.1,359622305,3
121.7,-103.8,359622321,3
413.3,-157.4,359622350,3
427.0,-169.5,359622365,3
309.4,-68.6,359622397,3
263.0,-55.5,359622410,3
224.1,-20.4,359622426,3
187.2,-59.3,359622440,3
183.3,-71.1,359622455,3
154.5,-109.9,359622469,3
151.4,-116.1,359622501,3
80.8,-115.5,359622515,3
-18.8,-29.4,359622529,3
-7.9,-12.4,359622545,3
-173.4,-84.5,359622561,3
-119.9,-58.9,359622575,3
-74.3,-40.7,359622590,3
-173.6,-88.7,359622605,3
-126.3,-69.6,359622622,3
-166.0,-63.0,359622650,3
-93.8,-25.6,359622664,3
-26.5,-25.1,359622679,3
-149.8,-35.6,359622695,3
-69.8,-16.9,359622710,3
37.4,-37.2,359622724,3
-53.5,-37.3,359622740,3
-51.1,-46.5,359622755,3
-44.6,-60.0,359622770,3
12.6,-84.3,359622800,3
16.5,-61.0,359622814,3
33.0, 26.9,359622830,3
32.2, 30.6,359622845,3
-17.5,  4.5,359622859,3
13.5, 21.9,359622875,3
52.5, 38.6,359622905,3
-39.9, -3.8,359622920,3
-63.3,-20.5,359622951,3
-139.4,-47.9,359622964,3
-219.6,-133.2,359622979,3
-221.8,-137.7,359622995,3
-220.3,-134.7,359623011,3
-221.3,-136.7,359623024,3
-214.6,-89.2,359623041,3
-203.5,-21.8,359623055,3
-193.8,-60.0,359623070,3
32.0, 10.4,359623101,3
114.8,-45.3,359623114,3
267.9,-97.5,359623129,3
242.6,-94.1,359623145,3
27.4,-127.1,359623161,3
-42.1,-127.4,359623174,3
22.1,-148.7,359623190,3
65.9,-123.7,359623204,3
-88.7,-142.7,359623219,3
165.0,122.7,359623251,3
164.7,119.3,359623265,3
38.8, 59.6,359623279,3
-56.3,-24.5,359623294,3
68.3, 63.7,359623310,3
-58.7, -6.0,359623324,3
-201.0,-102.0,359623341,3
-25.3,-25.4,359623354,3
120.9, 33.3,359623400,3
457.0,177.7,359623429,3
327.1,119.7,359623447,3
162.4,100.6,359623460,3
158.7, 98.2,359623475,3
161.9, 96.0,359623490,3
161.6,106.3,359623507,3
161.4,103.3,359623520,3
242.3,311.6,359623563,3
161.5,232.4,359623579,3
177.0,310.5,359623610,3
-11.8,120.3,359623624,3
16.6,160.5,359623639,3
91.4,209.7,359623654,3
11.6,134.9,359623668,3
142.3,277.4,359623699,3
86.3,213.3,359623714,3
37.8,147.9,359623729,3
38.7,170.3,359623744,3
12.5,143.7,359623760,3
-163.3,-40.7,359623775,3
-198.4,-76.4,359623789,3
-196.8,-79.8,359623804,3
-197.5,-103.4,359623820,3
-186.8,-87.8,359623852,3
-187.8,-82.0,359623864,3
-182.5,-90.4,359623881,3
-164.6,-72.6,359623923,3
-145.3,-68.6,359623939,3
273.9,316.1,359624255,3
150.0,295.3,359624269,3
438.8,525.1,359624301,3
531.0,597.5,359624314,3
500.8,579.4,359624328,3
525.3,597.5,359624344,3
500.0,566.3,359624360,3
428.7,471.5,359624374,3
484.4,274.9,359624389,3
454.9,244.6,359624404,3
291.1,181.0,359624418,3
214.9,136.7,359624450,3
229.6,116.0,359624464,3
308.9, 93.4,359624481,3
342.3, 89.6,359624494,3
294.1,118.9,359624509,3
413.7, 75.3,359624524,3
424.2, 58.2,359624540,3
349.1, 57.9,359624554,3
424.6, 69.7,359624569,3
352.1, 57.3,359624600,3
361.8,100.4,359624614,3
280.7, 80.4,359624629,3
251.1, 66.5,359624647,3
330.3, 89.1,359624659,3
319.5, 78.3,359624676,3
274.6, 66.8,359624689,3
429.0,129.4,359624703,3
378.1,114.8,359624720,3
458.2,146.0,359624750,3
372.7,113.1,359624764,3
194.5, 68.8,359624780,3
300.6, 57.2,359624794,3
217.2, 24.7,359624810,3
174.0, 28.1,359624824,3
283.4, 68.1,359624839,3
265.5, 65.3,359624855,3
281.6, 72.0,359624869,3
189.4,107.1,359624902,3
154.1, 83.0,359624915,3
265.6, 63.9,359624929,3
282.7, 70.6,359624944,3
200.3, 73.8,359624960,3
423.8,-61.4,359624973,3
378.8,-63.4,359624990,3
322.6,-41.1,359625004,3
391.5,-37.8,359625019,3
315.7,-51.8,359625050,3
379.8,-51.3,359625066,3
399.1,-46.9,359625080,3
196.8,-29.5,359625095,3
330.2,-28.5,359625109,3
279.4,-28.8,359625125,3
146.7, 78.5,359625139,3
262.3, 32.3,359625156,3
200.5, -3.4,359625170,3
203.1,  9.3,359625200,3
201.8, 20.4,359625215,3
290.3, 65.1,359625229,3
100.0, 73.8,359625245,3
237.2, 97.0,359625275,3
63.4, 57.7,359625288,3
64.7, 42.6,359625305,3
6.6,  1.6,359625320,3
81.6, -4.9,359625351,3
39.3,-28.2,359625364,3
29.3,-35.6,359625379,3
83.3, -5.1,359625394,3
39.1, -7.2,359625410,3
63.2, 26.3,359625424,3
127.4, 56.7,359625440,3
264.5,204.4,359625455,3
172.3,207.7,359625469,3
211.9,245.4,359625499,3
161.7,206.9,359625513,3
212.9,230.5,359625528,3
280.6,240.0,359625544,3
249.8,225.4,359625561,3
348.8,265.8,359625576,3
341.3,298.1,359625590,3
314.1,300.0,359625606,3
423.5,411.6,359625619,3
409.4,435.1,359625650,3
468.0,468.7,359625664,3
375.3,410.7,359625679,3
199.8,268.2,359625694,3
224.7,286.1,359625711,3
280.6,315.4,359625725,3
123.1,211.0,359625739,3
138.6,225.1,359625755,3
175.0,250.8,359625769,3
190.6,260.8,359625801,3
214.1,266.2,359625814,3
70.6,113.5,359625828,3
-46.2,  5.9,359625845,3
122.7,145.8,359625859,3
-74.9, -9.3,359625876,3
-3.3, 50.7,359625891,3
39.5,103.5,359625903,3
-61.5, 20.3,359625920,3
171.8,271.7,359625951,3
198.5,297.2,359625965,3
253.1,359.4,359625980,3
201.9,328.8,359625994,3
23.8,163.3,359626010,3
144.4,285.1,359626025,3
135.7,278.4,359626039,3
-23.6,122.5,359626053,3
63.2,206.2,359626071,3
34.9,164.8,359626101,3
17.5,143.7,359626114,3
474.8,482.8,359626131,3
630.5,604.9,359626144,3
714.0,671.1,359626160,3
721.9,677.8,359626175,3
725.5,678.1,359626191,3
713.3,660.3,359626205,3
302.6,317.5,359626219,3
285.6,302.2,359626252,3
261.6,279.2,359626264,3
216.1,234.2,359626279,3
163.5,180.8,359626309,3
158.4,175.8,359626324,3
204.0,232.5,359626355,3
249.9,269.4,359626368,3
407.4,351.9,359626401,3
581.2,430.1,359626413,3
412.3,313.8,359626444,3
581.2,390.7,359626459,3
587.3,393.3,359626474,3
430.1,347.1,359626489,3
513.4,374.3,359626506,3
143.9,225.0,359626522,3
-8.4,163.6,359626550,3
-59.3,108.2,359626565,3
58.0,161.9,359626578,3
178.7,214.3,359626594,3
-47.9,120.9,359626609,3
65.0,143.1,359626624,3
89.9,146.8,359626639,3
-57.1, 88.5,359626657,3
-64.7, 86.2,359626669,3
19.6,118.7,359626701,3
126.4,173.1,359626714,3
411.8,316.2,359626730,3
502.8,362.6,359626745,3
277.1,249.6,359626759,3
528.4,388.8,359626776,3
474.6,355.0,359626790,3
378.5,327.2,359626804,3
503.8,430.0,359626820,3
213.8,233.4,359626850,3
87.9,153.1,359626863,3
131.4,201.4,359626879,3
-1.4, 96.4,359626896,3
76.4,156.0,359626909,3
60.3,143.3,359626925,3
22.0,115.9,359626938,3
350.4,362.7,359626954,3
221.5,274.1,359626970,3
426.1,425.0,359627000,3
308.1,343.2,359627015,3
378.0,391.7,359627029,3
519.8,378.8,359627044,3
314.2,256.1,359627059,3
299.2,280.6,359627074,3
470.2,328.7,359627089,3
344.6,298.8,359627104,3
-9.4, 98.8,359627120,3
115.7,196.5,359627151,3
-56.3, 67.9,359627164,3
93.0,160.0,359627179,3
114.7,163.7,359627195,3
16.9, 91.9,359627209,3
76.0, 89.1,359627224,3
100.6, 89.8,359627241,3
-31.3,  9.5,359627254,3
38.5, 18.2,359627269,3
87.4, 22.7,359627300,3
124.2, 38.1,359627315,3
152.1, 43.7,359627330,3
73.0, 11.3,359627344,3
76.2, 13.9,359627360,3
161.6, 61.0,359627375,3
-24.4, -4.1,359627390,3
-3.0, -1.0,359627404,3
6.2,  2.0,359627419,3
182.9, 44.2,359627450,3
194.3, 34.6,359627464,3
184.9, 29.8,359627494,3
-134.0,  9.8,359627509,3
177.8,124.2,359627525,3
120.8, 81.8,359627539,3
124.5, 57.6,359627555,3
220.7, 29.9,359627569,3
410.1, 98.7,359627600,3
347.8,152.9,359627615,3
299.8,224.5,359627629,3
356.0,185.7,359627644,3
354.3,221.9,359627659,3
168.5, 53.1,359627674,3
254.2, 63.5,359627689,3
345.0, 56.2,359627705,3
374.6, 66.2,359627720,3
432.3,  6.1,359627751,3
430.5, 23.0,359627764,3
488.8, 27.6,359627779,3
523.4,248.8,359627810,3
518.7,315.8,359627825,3
520.8,389.5,359627853,3
538.4,485.1,359627869,3
548.7,444.8,359627900,3
544.2,313.1,359627914,3
550.4,302.6,359627928,3
572.0,248.6,359627943,3
558.9,278.3,359627959,3
524.5,315.1,359627991,3
524.0,346.6,359628005,3
532.8,224.4,359628017,3
459.8,311.5,359628052,3
454.9,255.0,359628063,3
432.7, 64.0,359628080,3
361.7,154.2,359628094,3
397.1,301.0,359628124,3
302.8,258.2,359628140,3
423.2,439.7,359628171,3
517.1,570.1,359628214,3
513.6,568.8,359628230,3
506.7,545.7,359628259,3
491.2,512.6,359628275,3
495.2,534.4,359628304,3
511.0,533.7,359628320,3
508.8,545.9,359628351,3
510.0,547.5,359628365,3
520.6,551.1,359628379,3
363.9,405.8,359628393,3
339.8,372.0,359628410,3
239.9,-30.5,359628424,3
253.6, 18.0,359628439,3
297.5, 66.8,359628455,3
332.7,-35.9,359628469,3
335.8,-64.2,359628501,3
336.1,-92.2,359628513,3
386.1, 16.4,359628529,3
392.4, 63.8,359628544,3
499.3, 49.5,359628560,3
507.5,107.7,359628574,3
515.0,156.6,359628592,3
516.6,252.0,359628618,3
498.6,464.5,359628664,3
538.0,440.9,359628680,3
519.9,445.7,359628692,3
495.4,428.4,359628711,3
488.4,435.8,359628726,3
418.5,439.2,359628738,3
312.8,424.9,359628753,3
222.2,399.4,359628769,3
44.5,284.6,359628800,3
92.3,294.4,359628815,3
328.3,316.3,359628829,3
169.7,206.3,359628844,3
291.2,289.4,359628859,3
206.6,260.3,359628874,3
231.8,236.9,359628889,3
301.0,301.6,359628904,3
267.2,268.6,359628919,3
404.2,374.5,359628950,3
179.1,204.0,359628963,3
351.4,339.1,359628981,3
446.5,386.4,359628994,3
245.7,253.1,359629009,3
1.1, 99.0,359629025,3
93.8,168.3,359629039,3
30.7,123.7,359629057,3
587.2,562.5,359629131,3
590.2,673.0,359629174,3
595.3,760.7,359629220,3
472.7,447.4,359629264,3
482.3,553.3,359629309,3
555.6,795.9,359629356,3
543.8,781.4,359629401,3
547.0,744.3,359629444,3
629.4,683.2,359629473,3
660.1,641.2,359629490,3
605.9,569.2,359629506,3
603.8,562.2,359629519,3
576.7,532.0,359629551,3
576.4,517.9,359629563,3
557.4,290.6,359629579,3
554.1,293.2,359629596,3
527.3,253.5,359629609,3
529.0,253.4,359629625,3
529.1,250.8,359629653,3
530.8,266.1,359629669,3
568.6,291.6,359629700,3
598.9,335.0,359629714,3
611.9,331.5,359629730,3
625.7,168.7,359629743,3
620.1, 24.8,359629759,3
636.9, 73.6,359629776,3
655.4, 93.6,359629791,3
653.9, 88.5,359629806,3
658.0, 94.7,359629851,3
665.4,148.2,359629879,3
658.4,107.6,359629894,3
663.6,159.3,359629910,3
646.6,185.2,359629924,3
629.7,190.1,359629968,3
657.8,279.3,359630014,3
736.5,500.1,359630032,3
612.7,219.3,359630059,3
517.9,  7.9,359630075,3
501.2,-46.3,359630103,3
485.7,-98.0,359630120,3
483.1,-102.4,359630150,3
478.7,-115.8,359630164,3
478.5,-115.9,359630193,3
481.8,-134.9,359630210,3
477.1,-131.3,359630238,3
452.1,-76.4,359630300,3
462.9,-115.2,359630328,3
409.6,-193.8,359630375,3
397.0,-200.1,359630389,3
408.0,-180.1,359630419,3
424.3,-180.7,359630464,3
424.3,-180.8,359630479,3
424.9,-180.4,359630508,3
424.9,-180.4,359630526,3
426.0,-178.8,359630539,3
451.7,-141.1,359630554,3
464.1,-122.9,359630569,3
478.7,-101.5,359630599,3
489.6,-85.4,359630617,3
520.9,-46.2,359630628,3
580.5, 16.9,359630643,3
621.2, 62.6,359630659,3
537.0,-13.1,359630689,3
544.7, -5.6,359630705,3
390.7,-155.5,359630779,3
405.5,-205.2,359630824,3
405.5,-205.2,359630855,3
405.5,-205.2,359630869,3
405.5,-205.2,359630914,3
405.5,-205.2,359630958,3
641.2,105.8,359631124,3
534.3,-24.7,359631139,3
-338.4,259.7,359631544,3
-338.4,259.7,359631559,3
165.4, 78.3,359631589,3
438.0,203.3,359631621,3
472.3,202.3,359631652,3
480.4,164.3,359631665,3
488.8,169.0,359631679,3
499.2,196.2,359631695,3
522.3,218.1,359631710,3
450.6,184.0,359631725,3
342.9,141.6,359631741,3
193.0, 92.2,359631770,3
48.1, 69.0,359631800,3
57.8,147.1,359631816,3
43.5,123.2,359631830,3
93.3, 61.7,359631845,3
164.9, 72.0,359631858,3
214.1, 52.0,359631874,3
178.0, 52.0,359631889,3
417.9,-12.4,359631904,3
404.9,-31.9,359631921,3
308.8,-24.5,359631951,3
170.5, 32.7,359631965,3
134.8, 19.1,359631981,3
127.2, 26.7,359631995,3
117.7, 27.9,359632009,3
125.9, 41.6,359632025,3
133.7, 37.9,359632039,3
140.0, 33.8,359632055,3
158.4, 37.4,359632070,3
152.2, 36.0,359632103,3
155.3, 33.4,359632116,3
144.9, 53.6,359632131,3
160.9, 51.8,359632146,3
154.3, 68.3,359632161,3
184.6,160.3,359632174,3
178.0,168.0,359632204,3
173.8,179.5,359632219,3
165.5,156.7,359632250,3
165.1,155.9,359632264,3
156.7,155.0,359632278,3
212.9,146.2,359632294,3
218.2,134.6,359632308,3
225.7,118.8,359632326,3
226.4,117.0,359632343,3
227.7,113.7,359632356,3
-14.7,  5.3,359632370,3
179.6, 61.0,359632402,3
202.9, 60.0,359632415,3
204.1, 39.9,359632429,3
188.4,  7.3,359632444,3
259.2, 19.1,359632473,3
386.1, 57.0,359632490,3
496.5, 90.0,359632504,3
422.2, 86.9,359632521,3
378.4, 73.8,359632550,3
311.2, 73.3,359632564,3
334.9,107.3,359632581,3
473.2,108.7,359632594,3
469.2,134.4,359632608,3
360.9,200.8,359632623,3
372.6,204.9,359632640,3
365.1,209.5,359632654,3
328.8,251.4,359632669,3
318.2,274.3,359632699,3
342.0,260.4,359632713,3
362.3,265.0,359632729,3
359.6,267.7,359632743,3
338.6,278.5,359632760,3
332.7,281.1,359632774,3
356.7,297.5,359632788,3
365.2,304.0,359632804,3
363.5,322.3,359632820,3
378.2,330.0,359632850,3
383.8,338.2,359632866,3
372.9,335.6,359632877,3
404.5,331.6,359632895,3
444.8,301.6,359632910,3
520.0,342.2,359632922,3
437.2,342.8,359632939,3
460.5,342.1,359632954,3
472.3,332.4,359632968,3
498.3,310.9,359633001,3
497.5,346.5,359633013,3
453.9,345.3,359633029,3
456.8,359.4,359633045,3
484.7,347.3,359633058,3
431.5,369.3,359633073,3
430.5,370.4,359633090,3
447.7,375.5,359633103,3
397.2,356.1,359633121,3
485.1,367.4,359633149,3
521.4,370.3,359633166,3
528.5,330.0,359633179,3
452.4,252.0,359633194,3
446.0,208.1,359633209,3
360.7,126.5,359633224,3
378.7,100.6,359633238,3
459.3,137.1,359633254,3
348.9,121.6,359633269,3
489.1,151.6,359633299,3
401.2,191.8,359633316,3
466.8,295.5,359633344,3
408.3,262.3,359633359,3
520.7,320.0,359633389,3
397.3,254.2,359633404,3
208.4,195.1,359633451,3
612.3,238.3,359633479,3
465.2,209.5,359633494,3
445.0,220.6,359633508,3
462.1,240.5,359633523,3
456.4,262.5,359633540,3
462.5,287.7,359633569,3
668.7,378.2,359633599,3
660.1,373.1,359633614,3
512.0,341.6,359633631,3
621.3,364.2,359633659,3
619.5,361.8,359633674,3
188.5,390.7,359633687,3
222.7,355.5,359633704,3
284.1,260.4,359633720,3
292.2,228.6,359633750,3
283.0,213.0,359633765,3
394.6, 65.5,359633796,3
353.2,143.2,359633810,3
582.7,390.8,359633839,3
519.0,388.9,359633855,3
645.8,519.0,359633901,3
720.5,554.6,359633929,3
655.4,521.7,359633944,3
495.8,468.9,359633959,3
396.0,420.9,359633991,3
479.4,447.1,359634003,3
69.9,242.2,359634049,3
64.7,253.7,359634080,3
76.7,290.2,359634123,3
76.7,290.9,359634139,3
299.6,137.0,359634154,3
292.0,-20.3,359634172,3
323.9,-39.2,359634200,3
335.0,-24.0,359634215,3
445.6, 32.8,359634229,3
491.6, 74.6,359634244,3
589.3,135.5,359634261,3
621.2,218.6,359634274,3
660.2,271.4,359634289,3
608.8,275.1,359634304,3
652.9,354.2,359634320,3
667.7,444.7,359634350,3
693.6,484.1,359634363,3
707.7,524.0,359634378,3
712.7,547.0,359634395,3
719.8,574.7,359634408,3
716.4,566.2,359634424,3
710.1,575.1,359634439,3
703.3,580.3,359634453,3
697.7,588.7,359634469,3
700.4,586.4,359634499,3
698.5,595.3,359634513,3
697.4,594.7,359634530,3
699.3,583.0,359634543,3
706.0,572.9,359634558,3
719.8,538.0,359634577,3
732.6,544.5,359634587,3
733.8,540.9,359634604,3
734.2,531.2,359634619,3
735.9,544.1,359634651,3
732.5,533.9,359634663,3
732.3,569.9,359634680,3
724.1,610.5,359634695,3
727.2,601.5,359634709,3
726.8,586.3,359634722,3
726.9,583.8,359634738,3
724.4,579.7,359634755,3
723.2,575.4,359634769,3
718.2,571.7,359634800,3
707.6,567.4,359634814,3
710.2,570.5,359634829,3
700.2,631.9,359634845,3
702.4,624.0,359634859,3
717.4,591.9,359634874,3
721.9,581.8,359634888,3
734.2,515.3,359634903,3
750.4,466.7,359634919,3
757.1,422.2,359634949,3
743.2,428.2,359634964,3
745.6,419.5,359634979,3
739.7,411.9,359635009,3
720.9,423.9,359635023,3
712.2,416.7,359635040,3
693.4,489.9,359635055,3
679.0,534.1,359635070,3
677.1,535.7,359635102,3
673.7,517.2,359635118,3
671.1,479.7,359635128,3
668.3,437.6,359635146,3
669.3,438.8,359635162,3
657.7,259.3,359635173,3
641.7,198.1,359635191,3
639.7,190.9,359635207,3
595.4,147.6,359635219,3
613.4,195.2,359635255,3
605.9,228.0,359635280,3
618.2,277.1,359635296,3
469.0,555.0,359635638,3
605.1,610.5,359635656,3
579.2,585.9,359635702,3
620.5,525.9,359635713,3
643.4,453.1,359635731,3
637.2,391.4,359635745,3
649.2,339.6,359635758,3
640.8,284.9,359635775,3
622.5,276.6,359635789,3
641.4,301.4,359635803,3
627.0,285.4,359635819,3
676.0,469.0,359635848,3
686.3,503.2,359635863,3
690.5,512.5,359635879,3
670.8,449.9,359635893,3
640.9,354.7,359635908,3
648.9,587.5,359635924,3
613.0,791.6,359635939,3
618.4,767.9,359635954,3
632.9,666.8,359635969,3
629.0,743.0,359636000,3
622.9,750.5,359636017,3
563.1,757.7,359636044,3
592.0,716.1,359636061,3
609.6,640.8,359636071,3
613.6,677.6,359636104,3
520.8,673.0,359636118,3
537.1,698.1,359636151,3
525.2,699.4,359636160,3
487.4,684.0,359636178,3
539.9,652.8,359636194,3
522.1,655.0,359636207,3
508.6,651.5,359636224,3
556.5,599.3,359636239,3
571.7,580.5,359636251,3
532.6,601.6,359636268,3
597.6,667.2,359636298,3
625.6,649.0,359636314,3
629.2,646.4,359636330,3
634.9,674.1,359636342,3
655.2,662.7,359636359,3
655.2,659.1,359636375,3
644.2,680.7,359636386,3
597.6,658.4,359636403,3
568.8,664.3,359636419,3
512.8,631.2,359636450,3
493.6,618.0,359636464,3
517.2,585.7,359636478,3
540.2,598.5,359636494,3
602.2,608.3,359636509,3
629.9,586.0,359636522,3
636.8,538.8,359636538,3
661.5,525.5,359636553,3
668.6,554.4,359636569,3
393.1,546.2,359636601,3
437.9,515.1,359636612,3
426.3,517.0,359636629,3
574.3,398.3,359636645,3
518.0,435.0,359636657,3
686.7,416.0,359636673,3
693.3,418.3,359636690,3
694.3,420.1,359636702,3
700.9,435.6,359636720,3
692.9,409.7,359636748,3
692.5,400.0,359636764,3
683.2,341.7,359636780,3
659.2,349.2,359636792,3
679.6,378.2,359636810,3
639.5,420.5,359636824,3
687.2,412.9,359636838,3
706.3,406.3,359636854,3
664.4,425.1,359636870,3
753.3,272.5,359636900,3
764.0,264.2,359636914,3
746.1,284.6,359636927,3
778.0,407.2,359636943,3
753.8,418.2,359636961,3
677.7,509.2,359636974,3
698.3,547.4,359636989,3
662.3,551.8,359637005,3
649.0,563.6,359637017,3
624.2,575.7,359637050,3
617.7,583.4,359637061,3
586.3,577.0,359637078,3
614.3,562.0,359637094,3
563.2,593.1,359637106,3
778.7,465.8,359637123,3
727.2,497.2,359637139,3
651.6,529.6,359637151,3
673.6,452.1,359637168,3
623.3,487.2,359637198,3
654.0,462.2,359637213,3
619.1,546.9,359637229,3
524.7,576.9,359637243,3
592.5,632.0,359637259,3
578.1,617.0,359637274,3
543.0,624.1,359637286,3
561.3,616.3,359637303,3
551.4,605.1,359637319,3
569.5,583.2,359637349,3
571.8,582.0,359637365,3
569.6,587.6,359637378,3
677.6,566.2,359637393,3
667.6,569.7,359637409,3
620.5,672.8,359637421,3
644.3,780.4,359637439,3
620.3,755.8,359637454,3
614.0,712.2,359637466,3
601.6,720.0,359637500,3
599.0,680.3,359637511,3
551.4,655.3,359637546,3
558.5,621.4,359637558,3
677.4,453.8,359637573,3
629.4,492.0,359637590,3
632.4,481.0,359637601,3
643.7,476.7,359637619,3
701.2,632.0,359637663,3
715.8,284.3,359637891,3
57.5,645.9,359637903,3
268.1,585.2,359637916,3
369.3,535.3,359637950,3
367.0,524.7,359637961,3
405.6,444.7,359637978,3
397.8,459.5,359637994,3
407.0,437.4,359638008,3
420.9,374.7,359638023,3
421.5,176.5,359638038,3
417.8,195.5,359638051,3
397.7,315.6,359638070,3
394.5,322.5,359638099,3
382.7,432.5,359638113,3
374.3,297.8,359638129,3
380.1,290.3,359638143,3
368.8,240.2,359638158,3
353.4,235.6,359638174,3
416.7,-23.4,359638203,3
384.4, 39.1,359638220,3
529.8, 91.9,359638249,3
653.8,347.7,359638266,3
641.7,261.0,359638277,3
475.1,200.0,359638296,3
549.7,201.2,359638308,3
436.9,239.7,359638323,3
449.9,252.4,359638338,3
332.3,251.1,359638354,3
291.2,267.3,359638368,3
189.2,288.7,359638401,3
245.6,245.5,359638413,3
382.3,-20.5,359638431,3
384.5,  6.4,359638444,3
380.6, 21.3,359638458,3
332.2, 57.2,359638474,3
306.4, 67.4,359638489,3
201.3,119.5,359638519,3
86.7, 43.8,359638549,3
76.0, 42.9,359638564,3
84.5, 38.1,359638582,3
76.5, 34.9,359638593,3
58.7, 29.9,359638608,3
63.1, 22.7,359638624,3
83.1,  3.6,359638638,3
106.0, 30.4,359638655,3
112.1, 44.3,359638671,3
132.5, 54.9,359638700,3
132.7, 48.4,359638714,3
194.5, 36.3,359638730,3
215.4, 31.3,359638743,3
173.9, 18.1,359638759,3
207.2, 11.1,359638774,3
173.8, 21.8,359638789,3
170.3, 23.2,359638804,3
184.4, 48.6,359638818,3
44.5,125.9,359638851,3
93.8, 94.9,359638864,3
142.1,107.5,359638878,3
103.2,116.2,359638896,3
265.2, 41.4,359638909,3
270.3, 34.7,359638924,3
248.1, 49.6,359638939,3
318.9, 32.4,359638954,3
302.9, 34.8,359638970,3
253.4, 35.2,359639001,3
168.3, 24.9,359639014,3
130.2, 14.3,359639029,3
98.3, -9.6,359639043,3
92.4, -6.9,359639059,3
92.8, -9.1,359639074,3
103.8,  1.5,359639089,3
103.3,  1.4,359639104,3
93.1,  6.3,359639118,3
100.0, -5.1,359639150,3
108.7,-22.0,359639166,3
106.9,-11.8,359639180,3
110.5,-17.3,359639194,3
107.9,-19.3,359639209,3
98.6,-19.6,359639224,3
102.4,-17.9,359639239,3
100.0,-18.1,359639255,3
102.9,-16.2,359639268,3
116.4,-10.8,359639301,3
114.2,-12.8,359639314,3
107.2,-16.6,359639329,3
81.4,-34.8,359639344,3
80.0,-28.0,359639360,3
67.6,-27.4,359639373,3
65.3,-34.0,359639389,3
67.6,-38.0,359639404,3
67.2,-43.4,359639419,3
73.2,-56.3,359639451,3
82.6,-51.1,359639465,3
80.5,-44.9,359639481,3
103.9,-40.6,359639495,3
113.9,-37.4,359639510,3
114.4,-36.9,359639525,3
111.4,-37.8,359639538,3
92.4,-44.9,359639553,3
94.5,-44.4,359639571,3
50.4,-62.1,359639600,3
203.7,-131.8,359639614,3
163.1,-116.4,359639628,3
122.1,-112.6,359639643,3
134.4,-70.4,359639660,3
79.0, 87.4,359639673,3
88.9,107.9,359639689,3
70.0, 71.2,359639705,3
68.1, 67.3,359639718,3
61.4, 72.2,359639751,3
77.5, 44.0,359639764,3
125.0, 27.1,359639781,3
202.2,-10.9,359639794,3
191.4, -6.9,359639809,3
-0.8,-54.3,359639823,3
21.5,-63.4,359639839,3
104.2,-15.6,359639853,3
-13.6,-26.5,359639868,3
-35.9, -0.5,359639902,3
-109.8,-40.6,359639916,3
-42.1,  2.4,359639929,3
84.2,149.4,359639944,3
-83.1, 23.4,359639960,3
10.3, 75.3,359639973,3
18.1, 70.1,359639989,3
151.3, 76.9,359640019,3
383.1,-21.4,359640066,3
645.4,-111.9,359640093,3
620.5,-74.4,359640109,3
70.6,-85.3,359640126,3
-29.7,-32.0,359640139,3
449.3,-19.1,359640154,3
225.5, 26.5,359640169,3
225.7, 63.9,359640201,3
-12.9, 64.8,359640214,3
156.8,134.7,359640228,3
197.6,149.1,359640244,3
-33.9,285.0,359640258,3
36.9,253.9,359640276,3
48.1,248.3,359640291,3
4.1,330.6,359640304,3
96.6,285.3,359640319,3
170.6,378.7,359640349,3
171.9,292.4,359640364,3
177.1,306.0,359640379,3
36.1,326.3,359640395,3
95.5,288.4,359640409,3
108.6,225.3,359640425,3
58.9,294.5,359640438,3
96.7,251.7,359640454,3
127.9,213.1,359640469,3
186.1,154.5,359640501,3
198.7,142.0,359640514,3
164.5,246.1,359640529,3
175.4,199.8,359640544,3
141.1,133.6,359640560,3
20.1,168.9,359640574,3
0.1,160.4,359640589,3
31.0,127.0,359640603,3
-50.1,133.7,359640621,3
-95.2, 93.9,359640651,3
-100.0, 75.3,359640664,3
-99.9, 68.4,359640679,3
-103.1, 71.8,359640694,3
-67.8,120.6,359640709,3
-65.5,115.8,359640724,3
-75.0,112.6,359640741,3
-86.7,105.3,359640753,3
-114.6, 82.2,359640768,3
-192.0, 19.1,359640800,3
-227.2,-10.7,359640815,3
-209.8, -0.6,359640830,3
-155.6,-38.0,359640843,3
31.8,-69.7,359640859,3
112.1,-59.9,359640873,3
-41.0,-79.9,359640889,3
1.4,-72.5,359640904,3
13.7,-69.2,359640920,3
121.6,-55.5,359640949,3
106.2,-38.2,359640966,3
-120.0,-85.5,359640979,3
-23.6,-63.1,359640993,3
66.4,-41.5,359641009,3
-98.5,-76.8,359641024,3
-84.4,-68.5,359641041,3
-25.9,-44.8,359641056,3
-101.5,-59.6,359641071,3
-17.8,-12.2,359641101,3
173.0,140.3,359641114,3
126.2,113.2,359641129,3
87.6, 94.7,359641145,3
91.8, 95.2,359641159,3
-34.6,  4.8,359641173,3
-102.8,-39.2,359641190,3
-116.7,-46.5,359641203,3
-140.4,-64.6,359641218,3
302.5,439.4,359641249,3
211.3,330.8,359641264,3
279.0,411.1,359641280,3
174.1,302.4,359641294,3
235.2,362.0,359641308,3
343.7,205.3,359641324,3
316.5,180.1,359641340,3
125.8, 53.5,359641353,3
155.6, 59.5,359641368,3
-51.4,-80.3,359641401,3
131.9,-28.1,359641414,3
-24.1,-115.6,359641429,3
-57.5,-139.0,359641444,3
213.3,-94.5,359641459,3
188.7,-101.6,359641474,3
18.1,-139.8,359641488,3
130.5,-91.6,359641503,3
59.3,-102.7,359641519,3
81.8,-104.4,359641552,3
122.4,-105.0,359641564,3
-87.1,-163.4,359641578,3
-66.2,-150.5,359641594,3
-60.8,-144.7,359641609,3
-125.4,-163.7,359641623,3
148.8,-36.8,359641639,3
118.3,-42.6,359641654,3
106.3,-39.6,359641670,3
104.2,-38.8,359641701,3
-114.8,-115.6,359641715,3
-70.9,-97.6,359641729,3
84.9,-39.2,359641744,3
-46.2,-80.2,359641760,3
-2.8,-67.8,359641774,3
70.1,-44.0,359641789,3
-133.7,-107.3,359641803,3
-26.4,-79.1,359641818,3
-78.5,-104.5,359641849,3
-95.8,-113.1,359641864,3
138.2,-76.5,359641879,3
430.3,128.5,359641893,3
395.2,121.4,359641911,3
397.7,290.0,359641923,3
394.5,302.9,359641938,3
459.4,368.5,359641954,3
399.9,199.7,359641969,3
298.9,413.8,359642000,3
355.0,431.1,359642015,3
550.6,445.5,359642029,3
583.5,438.1,359642046,3
443.8,357.0,359642074,3
342.1,334.0,359642089,3
255.9,317.4,359642118,3
744.0,505.3,359642163,3
612.8,532.5,359642194,3
941.4,615.2,359642208,3
811.2,707.4,359642239,3
754.6,710.5,359642256,3
751.0,738.7,359642271,3
741.2,754.3,359642300,3
745.5,779.4,359642314,3
772.4,838.7,359642326,3
779.7,833.0,359642345,3
791.1,845.8,359642362,3
793.1,856.1,359642373,3
780.4,822.0,359642389,3
755.6,820.4,359642403,3
752.2,818.4,359642417,3
722.8,797.4,359642450,3
727.6,803.1,359642462,3
755.0,785.5,359642479,3
786.5,741.7,359642494,3
756.0,754.1,359642508,3
807.8,717.7,359642524,3
805.3,711.0,359642539,3
781.1,721.1,359642552,3
747.0,742.5,359642568,3
689.5,697.3,359642613,3
695.3,718.3,359642629,3
656.4,696.1,359642661,3
723.7,775.7,359642675,3
690.9,788.8,359642687,3
658.4,787.9,359642704,3
681.3,780.7,359642719,3
645.4,694.0,359642750,3
609.2,623.6,359642764,3
561.2,486.8,359642795,3
561.5,497.4,359642810,3
550.6,431.6,359642823,3
483.2,254.5,359642838,3
460.6,260.4,359642855,3
346.2,323.7,359642868,3
541.0,261.6,359642900,3
540.0,321.9,359642913,3
493.3,384.3,359642928,3
504.2,398.4,359642944,3
438.0,541.1,359642973,3
483.1,511.9,359642990,3
428.3,460.4,359643003,3
328.1,417.8,359643018,3
479.2,408.1,359643049,3
582.0,392.8,359643066,3
493.8,355.5,359643081,3
461.7,349.0,359643095,3
271.7,284.6,359643109,3
239.0,332.4,359643124,3
234.3,373.2,359643137,3
218.3,325.2,359643154,3
295.9,479.5,359643169,3
466.5,747.9,359643215,3
375.6,561.8,359643227,3
215.6,369.3,359643242,3
268.7,365.2,359643259,3
325.2,384.3,359643271,3
103.5,216.2,359643288,3
182.2,267.1,359643303,3
195.1,268.2,359643319,3
226.0,291.5,359643350,3
225.9,320.4,359643363,3
142.5,247.6,359643378,3
-31.6, 84.3,359643395,3
77.5,208.9,359643409,3
-88.4, 56.7,359643425,3
-23.8,123.6,359643438,3
20.6,187.0,359643453,3
-35.4,130.9,359643468,3
-98.6, 79.0,359643500,3
-122.9, 50.6,359643515,3
-64.3,138.5,359643528,3
25.1,274.1,359643544,3
-77.9,139.0,359643558,3
28.1,295.2,359643574,3
-7.8,234.6,359643588,3
12.7,253.8,359643618,3
449.3,796.4,359643665,3
435.4,802.6,359643680,3
431.4,798.3,359643708,3
429.9,803.4,359643724,3
456.8,878.1,359643754,3
464.6,878.8,359643768,3
445.3,831.4,359643800,3
446.5,825.2,359643814,3
451.1,835.5,359643844,3
452.9,886.4,359643858,3
451.9,896.9,359643889,3
466.8,911.6,359643905,3
538.5,863.6,359643918,3
689.1,805.6,359643949,3
700.3,802.5,359643963,3
710.4,819.2,359643979,3
705.9,789.5,359643994,3
710.3,771.4,359644010,3
716.1,762.1,359644023,3
720.9,721.4,359644039,3
700.5,766.7,359644053,3
675.8,813.7,359644070,3
656.6,850.5,359644100,3
655.0,843.4,359644114,3
655.5,775.9,359644129,3
655.5,800.9,359644145,3
656.6,715.2,359644160,3
672.2,591.5,359644174,3
673.8,586.3,359644189,3
671.8,574.8,359644204,3
668.6,514.5,359644218,3
665.0,550.2,359644250,3
642.0,592.4,359644264,3
640.9,580.8,359644279,3
641.6,585.1,359644295,3
637.8,605.8,359644323,3
648.0,594.3,359644338,3
659.0,592.6,359644354,3
662.2,585.1,359644368,3
653.1,577.4,359644400,3
649.2,572.2,359644414,3
653.2,574.9,359644430,3
629.2,511.4,359644444,3
672.2,353.1,359644458,3
666.0,372.3,359644475,3
670.6,355.7,359644503,3
672.4,348.4,359644520,3
671.8,355.4,359644549,3
670.2,512.4,359644564,3
677.5,488.4,359644596,3
688.0,421.7,359644611,3
647.2,368.4,359644639,3
642.6,367.1,359644655,3
636.6,365.3,359644701,3
639.1,364.0,359644728,3
649.9,358.4,359644745,3
643.7,357.1,359644773,3
639.6,357.6,359644790,3
631.5,356.9,359644820,3
638.5,304.9,359644863,3
639.2,300.0,359644882,3
638.9,299.9,359644895,3
662.8,430.4,359644910,3
670.1,465.2,359644925,3
652.7,400.6,359644955,3
652.6,400.9,359644969,3
663.5,436.2,359644999,3
595.5,602.6,359645227,3
642.9,680.9,359645239,3
607.1,676.8,359645253,3
609.9,647.2,359645270,3
554.6,515.6,359645300,3
527.5,437.3,359645314,3
476.2,245.8,359645343,3
460.9,181.7,359645360,3
477.1,143.6,359645374,3
480.2,117.2,359645389,3
495.2,145.6,359645404,3
510.2, 76.9,359645419,3
561.0,155.2,359645450,3
539.2,152.0,359645463,3
521.8,148.0,359645480,3
540.9,195.7,359645493,3
576.0,328.9,359645511,3
579.7,373.0,359645524,3
580.1,403.2,359645540,3
566.1,411.0,359645553,3
576.6,450.6,359645570,3
528.0,500.2,359645613,3
495.1,542.9,359645629,3
498.5,522.4,359645659,3
536.0,353.9,359645673,3
519.9,393.3,359645703,3
572.6,255.1,359645718,3
584.8,248.3,359645749,3
605.9,231.4,359645794,3
599.2,234.2,359645808,3
566.3,252.7,359645838,3
576.1,267.5,359645853,3
546.5,127.3,359645961,3
687.4,549.5,359646005,3
653.6,365.7,359646051,3
685.2,235.7,359646065,3
691.4,144.3,359646080,3
703.6,115.8,359646126,3
689.0, 85.9,359646139,3
606.8, -3.7,359646153,3
622.3, 13.2,359646168,3
370.6, 82.7,359646201,3
292.4,293.3,359646215,3
379.7,276.3,359646230,3
405.8,272.7,359646243,3
379.1,297.4,359646260,3
406.3,279.0,359646274,3
460.3,266.5,359646289,3
449.6,323.9,359646303,3
452.7,345.3,359646320,3
454.1,349.2,359646349,3
462.4,329.2,359646363,3
476.1,279.1,359646377,3
514.6,135.0,359646393,3
518.3,113.4,359646409,3
542.1, 14.0,359646422,3
529.9, 63.7,359646438,3
533.0,138.4,359646454,3
534.7,117.0,359646467,3
538.6, 58.2,359646500,3
522.5, 86.1,359646514,3
458.7,224.1,359646527,3
460.0,215.5,359646545,3
517.4,164.3,359646557,3
458.3,368.8,359646573,3
473.4,330.0,359646589,3
494.7,280.1,359646602,3
496.8,400.0,359646619,3
513.7,329.2,359646650,3
508.6,360.1,359646664,3
516.0,305.8,359646681,3
534.5,255.3,359646693,3
491.0,431.9,359646708,3
491.5,410.2,359646725,3
494.1,387.0,359646737,3
429.3,387.7,359646754,3
473.4,305.6,359646768,3
441.7,298.8,359646798,3
465.2,276.0,359646813,3
561.2,177.5,359646829,3
585.6,154.1,359646843,3
562.0,192.6,359646858,3
549.0,215.2,359646875,3
522.4,300.2,359646888,3
514.2,337.9,359646904,3
508.3,365.3,359646917,3
638.6,370.8,359646951,3
587.9,380.6,359646963,3
601.6,359.9,359646978,3
633.3,348.7,359646993,3
574.8,420.4,359647010,3
497.4,457.7,359647023,3
474.4,466.8,359647053,3
423.7,472.8,359647068,3
411.0,488.7,359647098,3
343.1,486.7,359647113,3
307.0,474.1,359647142,3
293.1,460.7,359647158,3
208.6,378.1,359647187,3
211.8,385.5,359647203,3
137.6,318.5,359647251,3
28.5,221.1,359647277,3
-70.8,132.0,359647294,3
-107.2,100.0,359647323,3
-174.0, 41.8,359647338,3
-182.0, 42.8,359647353,3
21.4,107.4,359647368,3
278.7,234.7,359647398,3
187.7,177.9,359647413,3
157.6,160.6,359647428,3
243.2,214.0,359647444,3
218.0,201.7,359647459,3
71.8,105.3,359647473,3
353.2,289.2,359647488,3
260.0,206.6,359647504,3
103.4, 84.9,359647518,3
141.1, 26.7,359647549,3
-120.7,-130.8,359647565,3
53.8, -5.3,359647577,3
110.8, 51.6,359647593,3
133.4, 70.4,359647624,3
197.4,131.4,359647638,3
552.5,438.6,359647668,3
584.6,570.8,359647713,3
584.9,572.1,359647728,3
575.0,585.3,359647758,3
601.4,630.8,359647804,3
599.0,640.7,359647821,3
593.2,662.6,359647850,3
577.3,727.5,359647896,3
581.3,748.7,359647908,3
594.5,767.8,359647924,3
598.8,784.7,359647938,3
606.5,773.5,359647953,3
647.4,750.8,359648044,3
621.7,1187.9,359648089,3
551.4,1024.4,359648119,3
455.5,809.7,359648163,3
407.6,701.8,359648177,3
413.3,715.6,359648223,3
380.3,525.8,359648299,3
408.5,551.9,359648312,3
490.0,572.1,359648329,3
544.6,586.1,359648360,3
602.7,607.0,359648373,3
625.6,610.3,359648404,3
618.9,587.3,359648417,3
365.8,429.5,359648449,3
370.8,434.2,359648463,3
419.5,436.6,359648478,3
397.6,436.3,359648493,3
424.0,460.8,359648510,3
431.3,465.5,359648524,3
469.7,470.5,359648539,3
432.5,476.5,359648553,3
459.1,442.1,359648570,3
447.8,467.6,359648599,3
453.0,434.4,359648614,3
462.1,407.7,359648626,3
442.2,442.1,359648643,3
505.9,514.2,359648658,3
486.0,492.1,359648673,3
452.3,478.1,359648687,3
459.6,477.9,359648704,3
530.5,503.5,359648719,3
567.1,503.7,359648750,3
557.3,485.5,359648762,3
559.2,483.2,359648778,3
590.2,521.4,359648793,3
530.0,476.0,359648808,3
499.3,453.4,359648823,3
521.5,360.3,359648839,3
526.4,339.0,359648852,3
495.5,392.4,359648868,3
530.9,313.6,359648901,3
543.7,386.9,359648912,3
559.2,337.7,359648928,3
570.5,284.9,359648943,3
555.3,308.0,359648958,3
538.1,283.2,359648974,3
554.3,262.6,359648988,3
505.1,354.2,359649002,3
512.0,315.0,359649018,3
508.3,399.9,359649048,3
510.2,331.8,359649063,3
359.0,332.9,359649078,3
303.8,333.6,359649092,3
296.9,350.3,359649110,3
296.5,334.2,359649125,3
248.1,399.9,359649137,3
263.8,360.9,359649154,3
270.5,341.3,359649170,3
336.6,326.1,359649201,3
345.1,335.2,359649213,3
256.7,340.0,359649227,3
284.9,348.2,359649243,3
361.7,338.8,359649257,3
263.2,350.0,359649273,3
213.3,341.5,359649288,3
248.1,358.9,359649302,3
159.4,313.5,359649320,3
162.0,279.3,359649349,3
122.1,262.8,359649363,3
77.6,255.8,359649378,3
218.6,306.9,359649394,3
106.5,196.8,359649409,3
166.3,223.5,359649424,3
180.1,233.9,359649439,3
85.5,160.2,359649453,3
9.8, 86.2,359649468,3
42.9,125.7,359649513,3
-49.2, 21.0,359649530,3
89.4, 88.5,359649543,3
125.7,123.7,359649559,3
321.9,293.2,359649574,3
188.7,237.1,359649588,3
154.1,230.7,359649603,3
256.2,301.3,359649619,3
251.3,299.6,359649650,3
274.6,316.9,359649663,3
142.5,248.2,359649678,3
210.7,275.3,359649694,3
193.9,269.4,359649708,3
109.9,212.9,359649723,3
119.0,193.7,359649740,3
215.5,218.7,359649753,3
41.6, 89.7,359649769,3
-45.6, 34.8,359649801,3
38.8, 64.2,359649814,3
95.3,107.3,359649828,3
170.6,219.4,359649842,3
39.6,132.0,359649860,3
85.4,164.3,359649873,3
158.0,211.7,359649888,3
52.6,137.3,359649903,3
97.7,169.7,359649918,3
53.2,155.8,359649949,3
229.6,264.2,359649963,3
169.6,225.9,359649978,3
-32.2, 67.9,359649992,3
56.9,129.3,359650009,3
98.9,163.6,359650023,3
-90.9, 39.0,359650038,3
5.9,104.5,359650053,3
20.6,135.0,359650067,3
30.9,154.2,359650099,3
86.6,201.4,359650113,3
-165.1, 31.8,359650128,3
-105.8, 75.5,359650143,3
-29.9,135.1,359650158,3
-153.5, 45.4,359650173,3
-68.1,113.5,359650188,3
-91.4,100.4,359650203,3
-41.6,163.9,359650251,3
566.1,616.3,359650278,3
586.7,606.3,359650293,3
616.2,607.0,359650323,3
595.6,612.9,359650339,3
582.3,623.2,359650369,3
563.2,653.0,359650414,3
