589.6,204.6,362062976,2
589.8,204.0,362063019,2
428.4,148.2,362063064,2
349.4,122.9,362063092,2
327.5,116.5,362063110,2
320.4,121.1,362063155,2
323.7,127.0,362063199,2
325.8,128.8,362063228,2
308.4,363.7,362063243,2
520.3,194.9,362063274,2
508.3,209.4,362063289,2
575.5,183.8,362063319,2
555.1,209.0,362063363,2
331.9,444.6,362063380,2
458.5,398.6,362063409,2
586.5,420.7,362063424,2
580.0,435.1,362063454,2
596.0,426.7,362063469,2
606.3,383.1,362063501,2
609.2,356.8,362063513,2
533.5,593.2,362063559,2
484.6,604.8,362063604,2
411.2,516.3,362063651,2
409.2,509.0,362063678,2
441.0,260.3,362063696,2
445.6,230.7,362063741,2
943.8,433.1,362064130,2
824.2,603.7,362064145,2
636.9,653.2,362064173,2
555.3,668.4,362064188,2
672.5,580.1,362064217,2
913.1,448.2,362064264,2
813.7,492.1,362064278,2
604.2,512.9,362064307,2
605.1,652.1,362064326,2
543.3,633.7,362064352,2
519.2,612.6,362064370,2
524.0,615.4,362064401,2
436.7,599.8,362064420,2
492.7,417.5,362064446,2
517.2,244.9,362064461,2
541.7,346.5,362064488,2
474.9,495.0,362064506,2
534.8,262.7,362064552,2
533.1,406.0,362064579,2
512.6,451.6,362064596,2
480.7,591.3,362064624,2
527.8,581.0,362064639,2
515.0,501.8,362064668,2
623.6,222.3,362064711,2
624.0,222.3,362064728,2
661.0,571.0,362064757,2
668.8,649.9,362064775,2
727.0,605.1,362064807,2
715.7,592.4,362064820,2
742.1,459.0,362064850,2
751.4,498.3,362064864,2
741.9,384.9,362064893,2
726.4,289.7,362064925,2
720.6,256.7,362064938,2
702.3,219.5,362064970,2
695.7,188.5,362064999,2
683.3,173.0,362065016,2
674.0,163.5,362065031,2
663.0,143.0,362065043,2
644.7,126.7,362065059,2
631.9, 95.7,362065074,2
633.9,104.8,362065089,2
635.1,107.3,362065104,2
612.0, 79.3,362065120,2
592.2, 55.3,362065150,2
593.2, 43.3,362065163,2
596.9, 40.4,362065209,2
653.8, 15.6,362065240,2
666.5, 12.3,362065254,2
658.7, 85.6,362065268,2
641.8, 61.9,362065300,2
639.9, 82.4,362065314,2
658.0,116.9,362065329,2
672.3,121.9,362065344,2
688.2,128.2,362065359,2
736.9,211.8,362065389,2
737.5,201.5,362065404,2
885.4,230.5,362065451,2
929.1,283.2,362065493,2
991.9,390.1,362065510,2
1000.0,453.2,362065523,2
970.2,442.2,362065538,2
965.8,452.4,362065555,2
927.6,493.4,362065602,2
859.1,542.1,362065612,2
848.8,581.0,362065629,2
905.8,712.4,362065646,2
884.8,755.4,362065673,2
882.3,771.2,362065689,2
859.6,739.3,362065705,2
886.5,773.6,362065721,2
904.3,803.3,362065763,2
886.3,755.4,362065778,2
1030.6,521.9,362065808,2
902.1,629.3,362065825,2
857.5,472.8,362065853,2
853.2,525.2,362065869,2
820.6,456.5,362065913,2
793.2,471.2,362065926,2
747.8,648.0,362065945,2
731.0,668.5,362065959,2
724.4,675.4,362065988,2
720.5,688.5,362066004,2
758.6,741.5,362066016,2
728.5,774.7,362066050,2
728.7,770.7,362066062,2
750.3,750.9,362066079,2
776.4,761.7,362066095,2
838.2,792.5,362066106,2
914.8,657.9,362066124,2
925.3,647.2,362066138,2
913.1,677.4,362066154,2
921.0,614.0,362066169,2
943.1,603.3,362066196,2
962.5,697.0,362066214,2
976.4,702.2,362066231,2
1022.6,724.8,362066259,2
1024.6,845.9,362066273,2
1018.5,881.0,362066304,2
997.9,889.0,362066319,2
878.9,857.4,362066350,2
894.5,862.4,362066364,2
914.8,872.9,362066378,2
912.5,865.9,362066394,2
904.0,857.1,362066408,2
892.5,843.8,362066420,2
893.1,844.1,362066439,2
923.1,859.9,362066456,2
939.1,870.8,362066465,2
1089.6,762.9,362066500,2
1085.7,743.1,362066529,2
1056.8,802.5,362066545,2
1018.6,827.3,362066558,2
999.8,887.3,362066573,2
998.9,876.9,362066589,2
989.1,916.6,362066619,2
913.7,846.9,362066647,2
907.6,840.2,362066663,2
939.6,868.9,362066680,2
973.5,829.8,362066710,2
1027.3,772.5,362066725,2
1003.9,793.8,362066736,2
1011.0,772.3,362066754,2
1007.3,779.9,362066770,2
1038.0,767.4,362066800,2
1043.9,764.9,362066815,2
1015.1,808.6,362066825,2
1039.7,839.7,362066844,2
1047.5,839.3,362066859,2
1017.1,841.9,362066870,2
1038.2,843.8,362066890,2
1080.0,811.7,362066906,2
1087.4,795.9,362066915,2
1094.9,766.7,362066950,2
1119.0,747.4,362066960,2
1139.7,736.4,362066978,2
1144.4,725.2,362066994,2
1158.1,679.2,362067007,2
1163.8,663.9,362067022,2
1171.3,715.7,362067039,2
1175.4,666.5,362067052,2
1179.4,734.1,362067099,2
1251.1,703.7,362067130,2
1261.0,620.9,362067141,2
1375.1,622.9,362067175,2
1358.4,475.1,362067203,2
1374.3,503.7,362067219,2
1443.5,426.5,362067249,2
1416.8,427.3,362067263,2
1378.4,421.6,362067276,2
1378.7,434.4,362067294,2
1384.0,438.7,362067309,2
1383.7,469.6,362067321,2
1367.6,492.4,362067339,2
1368.3,492.7,362067355,2
1367.9,484.2,362067366,2
1441.0,529.9,362067400,2
1444.7,523.1,362067414,2
1453.6,474.3,362067428,2
1447.7,457.8,362067444,2
1439.6,423.7,362067457,2
1518.0,491.6,362067475,2
1505.2,484.5,362067488,2
1497.7,516.7,362067504,2
1503.7,529.7,362067519,2
1536.0,549.4,362067550,2
1528.8,553.0,362067564,2
1564.0,545.0,362067578,2
1550.7,544.4,362067592,2
1482.3,528.1,362067610,2
1463.1,544.8,362067624,2
1450.6,505.8,362067637,2
1486.2,474.6,362067653,2
1494.5,473.6,362067669,2
1521.2,467.7,362067701,2
1527.0,471.1,362067715,2
1574.2,448.7,362067727,2
1679.4,453.0,362067744,2
1749.3,461.5,362067759,2
1769.1,518.4,362067771,2
1740.8,523.5,362067789,2
1705.3,534.6,362067805,2
1720.8,534.8,362067818,2
1683.5,551.4,362067851,2
1688.1,550.8,362067861,2
1516.1,605.0,362067879,2
1441.7,612.5,362067893,2
1445.1,605.0,362067907,2
1520.3,577.7,362067924,2
1466.2,603.3,362067938,2
1476.0,596.6,362067953,2
1502.5,583.3,362067969,2
1372.0,710.9,362068013,2
1397.1,681.5,362068029,2
1359.5,669.9,362068058,2
1362.8,693.7,362068103,2
1399.4,680.8,362068150,2
1402.8,634.6,362068163,2
1401.1,649.0,362068176,2
1372.7,684.7,362068193,2
1356.0,768.4,362068208,2
1343.0,776.8,362068239,2
1332.0,772.5,362068254,2
1290.2,761.2,362068266,2
1320.3,732.0,362068300,2
1379.3,675.4,362068312,2
1371.4,654.3,362068329,2
1349.9,659.6,362068344,2
1362.0,618.4,362068358,2
1378.6,576.6,362068373,2
1351.8,608.6,362068388,2
1376.2,579.0,362068401,2
1317.0,617.8,362068418,2
1330.5,540.7,362068447,2
1320.4,539.8,362068464,2
1316.9,566.3,362068478,2
1308.8,564.0,362068490,2
1328.0,468.7,362068508,2
1322.2,524.6,362068522,2
1319.3,501.4,362068536,2
1316.6,501.0,362068555,2
1315.1,503.4,362068568,2
1305.7,506.4,362068600,2
1305.4,528.2,362068613,2
1306.7,498.8,362068627,2
1310.2,526.0,362068643,2
1308.3,510.8,362068660,2
1327.2,495.4,362068671,2
1335.3,522.3,362068688,2
1329.9,538.1,362068704,2
1324.5,521.4,362068717,2
1319.3,528.8,362068751,2
1330.3,507.8,362068761,2
1323.4,507.6,362068778,2
1324.9,518.5,362068794,2
1350.0,486.6,362068805,2
1371.4,518.7,362068824,2
1368.0,534.4,362068840,2
1367.2,546.2,362068852,2
1344.1,539.5,362068869,2
1340.4,449.2,362068900,2
1339.0,440.7,362068914,2
1338.3,464.6,362068929,2
1357.0,476.8,362068941,2
1385.7,510.5,362068974,2
1354.5,560.8,362069018,2
1385.2,524.8,362069064,2
1394.3,514.3,362069078,2
1390.8,470.7,362069096,2
1388.8,466.0,362069108,2
1404.4,486.9,362069121,2
1404.1,487.0,362069140,2
1407.3,504.8,362069155,2
1409.1,514.6,362069167,2
1414.7,514.7,362069200,2
1418.7,537.9,362069211,2
1435.3,576.6,362069243,2
1465.7,614.4,362069290,2
1488.8,612.4,362069303,2
1474.8,602.8,362069319,2
1420.3,581.8,362069349,2
1392.9,539.1,362069363,2
1402.2,535.1,362069381,2
1413.2,529.6,362069392,2
1393.9,446.3,362069408,2
1402.3,453.9,362069427,2
1418.7,453.3,362069438,2
1411.0,431.7,362069454,2
1423.0,413.1,362069469,2
1416.2,385.0,362069500,2
1436.0,392.9,362069514,2
1379.9,403.8,362069527,2
1372.4,396.9,362069543,2
1427.9,425.6,362069559,2
1474.0,380.8,362069572,2
1449.2,322.2,362069589,2
1458.0,323.8,362069604,2
1451.7,289.6,362069619,2
1447.8,233.3,362069650,2
1454.9,259.7,362069663,2
1440.6,328.1,362069679,2
1417.1,339.7,362069693,2
1373.8,356.0,362069708,2
1355.0,384.5,362069723,2
1361.9,426.4,362069740,2
1387.0,463.7,362069755,2
1392.4,486.3,362069768,2
1379.0,481.5,362069797,2
1381.4,479.1,362069813,2
1491.3,347.5,362069828,2
1503.6,364.0,362069841,2
1570.3,353.4,362069857,2
1572.0,363.5,362069874,2
1564.3,356.2,362069885,2
1524.4,390.1,362069904,2
1515.3,416.4,362069918,2
1435.0,487.2,362069951,2
1419.3,505.1,362069977,2
1441.1,547.0,362069993,2
1429.3,552.9,362070008,2
1401.0,609.6,362070020,2
1282.0,245.0,362070399,2
1215.9,560.1,362070415,2
1241.5,499.4,362070425,2
1255.4,467.5,362070445,2
1216.7,571.5,362070459,2
1231.6,541.8,362070471,2
1237.1,548.0,362070488,2
1248.2,592.9,362070504,2
1249.7,574.2,362070516,2
1279.3,592.4,362070550,2
1296.2,576.9,362070561,2
1315.7,583.6,362070579,2
1325.1,612.4,362070594,2
1321.4,627.5,362070606,2
1321.6,636.1,362070638,2
1320.0,634.0,362070651,2
1309.1,625.9,362070668,2
1298.8,613.2,362070699,2
1305.5,615.7,362070713,2
1334.8,564.8,362070728,2
1303.4,614.3,362070741,2
1302.8,614.9,362070759,2
1297.5,632.0,362070774,2
1341.0,566.5,362070786,2
1351.5,552.0,362070804,2
1330.8,588.8,362070819,2
1327.0,604.9,362070849,2
1352.1,644.5,362070864,2
1376.6,628.4,362070877,2
1429.6,638.0,362070911,2
1504.1,630.3,362070921,2
1518.5,619.4,362070938,2
1516.1,606.7,362070953,2
1503.4,588.2,362070967,2
1495.3,578.9,362071000,2
1444.4,585.7,362071011,2
1420.2,578.6,362071029,2
1442.5,546.2,362071043,2
1463.7,526.2,362071057,2
1340.6,628.8,362071073,2
1307.8,663.5,362071088,2
1350.4,622.0,362071101,2
1303.2,672.1,362071119,2
1411.3,598.5,362071151,2
1435.6,583.5,362071163,2
1381.2,646.0,362071179,2
1377.8,632.2,362071192,2
1421.1,609.8,362071208,2
1404.5,621.1,362071225,2
1419.4,607.1,362071237,2
1380.2,660.0,362071254,2
1380.6,662.2,362071270,2
1342.5,705.3,362071300,2
1325.0,707.3,362071314,2
1279.3,697.3,362071325,2
1270.5,695.0,362071343,2
1280.9,697.6,362071359,2
1303.0,703.2,362071371,2
1329.2,733.5,362071388,2
1330.8,736.7,362071405,2
1336.9,742.6,362071416,2
1339.9,740.2,362071451,2
1337.5,748.5,362071461,2
1333.5,752.2,362071479,2
1328.3,751.1,362071493,2
1321.6,749.6,362071507,2
1322.7,748.7,362071523,2
1321.2,747.1,362071542,2
1336.8,720.5,362071552,2
1330.8,696.9,362071569,2
1328.6,694.2,362071599,2
1324.1,696.4,362071613,2
1340.8,645.0,362071632,2
1342.7,639.2,362071642,2
1346.5,662.5,362071659,2
1345.6,671.0,362071673,2
1345.0,692.7,362071685,2
1363.3,636.3,362071703,2
1358.7,659.7,362071719,2
1364.7,630.7,362071751,2
1356.5,647.5,362071764,2
1375.2,596.9,362071776,2
1367.2,584.8,362071794,2
1358.6,593.5,362071811,2
1343.0,644.8,362071821,2
1342.0,643.2,362071838,2
1346.5,625.7,362071855,2
1384.3,587.8,362071867,2
1310.0,614.0,362071900,2
1354.4,578.0,362071912,2
1364.3,572.0,362071930,2
1369.1,570.0,362071944,2
1384.6,564.7,362071973,2
1403.7,545.5,362071989,2
1410.7,492.9,362072002,2
1450.4,479.7,362072019,2
1454.6,469.8,362072050,2
1422.1,470.8,362072063,2
1420.6,470.7,362072078,2
1331.0,476.4,362072108,2
1349.3,475.7,362072123,2
1358.8,480.4,362072136,2
1362.6,500.0,362072153,2
1363.9,523.6,362072169,2
1379.7,525.9,362072201,2
1417.9,495.6,362072216,2
1425.2,500.1,362072227,2
1421.3,491.6,362072245,2
1410.1,495.3,362072260,2
1413.5,491.6,362072274,2
1412.9,470.5,362072297,2
1412.5,467.3,362072306,2
1395.1,441.3,362072319,2
1403.6,442.9,362072352,2
1420.6,452.1,362072364,2
1409.2,448.6,362072380,2
1397.5,506.3,362072394,2
1384.3,560.2,362072407,2
1434.9,609.0,362072423,2
1451.0,597.4,362072439,2
1467.8,610.3,362072454,2
1491.0,620.8,362072469,2
1414.2,588.7,362072498,2
1341.6,606.3,362072513,2
1348.0,588.9,362072528,2
1349.0,589.9,362072541,2
1362.7,574.4,362072561,2
1397.1,540.8,362072575,2
1409.6,527.1,362072586,2
1336.3,500.8,362072603,2
1360.9,508.8,362072619,2
1356.8,504.2,362072652,2
1361.3,510.0,362072664,2
1376.8,510.7,362072677,2
1368.5,511.3,362072696,2
1377.3,511.2,362072709,2
1402.7,534.2,362072722,2
1401.5,522.1,362072739,2
1404.1,522.5,362072755,2
1411.6,522.9,362072766,2
1464.9,538.3,362072799,2
1482.2,540.2,362072813,2
1497.2,568.7,362072830,2
1464.7,571.5,362072845,2
1504.5,566.8,362072859,2
1462.3,559.1,362072888,2
1139.8,222.5,362073249,2
1013.6,-82.4,362073279,2
1073.6, 38.9,362073295,2
1159.3,285.5,362073324,2
1152.5,268.5,362073339,2
1178.8,343.8,362073352,2
1216.5,442.7,362073368,2
1223.4,462.8,362073398,2
1234.7,507.2,362073415,2
1240.2,525.1,362073429,2
1245.2,539.0,362073444,2
1259.1,532.3,362073458,2
1259.5,544.6,362073473,2
1456.0,413.7,362073488,2
1441.3,369.5,362073504,2
1453.1,362.2,362073521,2
1399.5,443.8,362073549,2
1384.0,431.2,362073563,2
1373.1,449.3,362073577,2
1345.0,498.3,362073593,2
1352.2,418.0,362073609,2
1341.8,473.3,362073622,2
1359.5,480.3,362073638,2
1451.8,503.3,362073654,2
1430.2,527.8,362073667,2
1439.0,528.5,362073700,2
1433.1,568.7,362073712,2
1394.3,555.1,362073729,2
1386.7,558.3,362073743,2
1399.3,566.5,362073757,2
1392.4,553.6,362073773,2
1400.2,535.5,362073789,2
1395.1,539.8,362073801,2
1390.6,531.2,362073818,2
1372.3,511.6,362073849,2
1401.0,532.9,362073879,2
1404.3,533.2,362073892,2
1413.7,543.0,362073909,2
1390.6,526.4,362073924,2
1424.2,516.9,362073937,2
1419.4,514.4,362073954,2
1415.8,514.0,362073969,2
1384.6,493.3,362074000,2
1391.0,498.8,362074014,2
1394.3,490.1,362074027,2
1382.6,484.4,362074043,2
1400.7,492.4,362074059,2
1391.2,487.6,362074074,2
1398.7,505.2,362074089,2
1405.6,516.3,362074103,2
1404.3,514.0,362074119,2
1402.7,519.2,362074150,2
1427.8,537.2,362074180,2
1426.7,521.9,362074193,2
1424.9,521.0,362074207,2
1420.0,513.4,362074224,2
1426.6,514.3,362074238,2
1446.9,507.9,362074252,2
1471.0,513.0,362074268,2
1474.3,515.0,362074297,2
1488.3,528.7,362074315,2
1486.9,552.9,362074330,2
1480.3,560.1,362074341,2
1467.8,572.4,362074359,2
1464.5,577.2,362074374,2
1433.4,573.9,362074386,2
1429.8,577.5,362074404,2
1414.1,591.6,362074418,2
1355.8,561.6,362074449,2
1357.3,561.3,362074464,2
1381.5,569.6,362074478,2
1431.1,613.4,362074494,2
1430.4,607.2,362074509,2
1437.2,587.1,362074521,2
1439.0,597.7,362074539,2
1441.9,596.0,362074553,2
1438.2,596.6,362074568,2
1432.8,599.3,362074600,2
1433.0,602.4,362074613,2
1413.5,607.4,362074629,2
1410.7,607.1,362074647,2
1412.4,604.9,362074656,2
1414.0,603.6,362074673,2
1407.0,604.5,362074690,2
1418.9,596.4,362074701,2
1417.1,583.0,362074718,2
1461.7,557.0,362074747,2
1469.8,555.8,362074763,2
1454.8,560.3,362074779,2
1450.7,562.5,362074793,2
1430.9,563.4,362074810,2
1424.2,558.0,362074823,2
1423.2,535.4,362074837,2
1419.7,533.8,362074853,2
1406.4,524.7,362074869,2
1395.1,520.3,362074902,2
1398.7,529.7,362074917,2
1403.4,534.1,362074929,2
1414.3,531.9,362074946,2
1379.9,521.2,362074958,2
1382.5,521.2,362074972,2
1380.8,519.5,362074990,2
1380.9,517.9,362075003,2
1396.4,504.3,362075018,2
1400.5,487.3,362075050,2
1424.0,473.6,362075062,2
1426.8,481.5,362075078,2
1418.4,494.3,362075093,2
1405.8,499.0,362075107,2
1363.2,512.9,362075125,2
1368.5,512.2,362075139,2
1368.0,518.8,362075150,2
1056.4,307.9,362075529,2
1212.9,527.3,362075544,2
1214.9,605.0,362075557,2
1232.5,651.7,362075573,2
1243.0,653.5,362075589,2
1256.3,643.2,362075602,2
1301.6,639.8,362075618,2
1292.8,629.5,362075648,2
1269.7,612.1,362075666,2
1298.4,622.2,362075680,2
1312.5,617.2,362075691,2
1321.0,619.8,362075708,2
1311.8,654.4,362075726,2
1296.0,720.6,362075737,2
1314.4,698.5,362075753,2
1319.6,693.5,362075769,2
1324.6,694.9,362075813,2
1345.2,622.3,362075829,2
1321.6,614.1,362075845,2
1308.0,609.0,362075858,2
1317.5,592.7,362075871,2
1356.7,553.4,362075888,2
1350.1,574.3,362075903,2
1363.9,556.6,362075916,2
1354.4,583.1,362075949,2
1368.1,567.7,362075962,2
1347.2,591.4,362075978,2
1347.3,595.8,362075995,2
1382.3,578.3,362076006,2
1360.6,587.5,362076025,2
1330.5,596.8,362076040,2
1330.4,597.8,362076050,2
1313.0,608.2,362076068,2
1304.4,614.7,362076113,2
1289.9,621.3,362076130,2
1330.6,600.1,362076140,2
1297.2,611.5,362076158,2
1285.8,614.4,362076173,2
1312.9,598.0,362076185,2
1340.9,591.9,362076204,2
1313.1,626.3,362076218,2
1299.3,631.7,362076249,2
1293.7,622.6,362076263,2
1318.4,595.7,362076276,2
1303.3,535.0,362076293,2
1316.7,462.2,362076308,2
1351.4,467.5,362076321,2
1414.4,524.0,362076337,2
1460.1,561.8,362076353,2
1446.8,546.7,362076367,2
1461.8,547.6,362076401,2
1486.0,624.7,362076411,2
1521.8,632.5,362076429,2
1527.3,631.6,362076443,2
1504.9,653.2,362076455,2
1530.6,699.5,362076473,2
1521.6,661.0,362076487,2
1539.1,737.5,362076501,2
1534.5,725.4,362076547,2
1498.0,581.1,362076564,2
1506.9,567.8,362076578,2
1531.8,573.5,362076592,2
1539.2,568.7,362076608,2
1549.9,575.5,362076623,2
1561.0,585.5,362076636,2
1573.5,596.0,362076652,2
1576.6,598.9,362076667,2
1577.7,595.7,362076698,2
1588.4,565.3,362076714,2
1587.8,565.0,362076727,2
1584.3,562.2,362076744,2
1572.2,576.4,362076758,2
1565.6,578.6,362076772,2
1564.2,589.0,362076788,2
1556.1,596.5,362076803,2
1563.8,630.8,362076816,2
1581.5,690.5,362076852,2
1586.2,705.9,362076861,2
1549.8,685.8,362076878,2
1560.1,695.9,362076895,2
1568.3,677.4,362076905,2
1561.0,634.8,362076923,2
1552.3,658.7,362076938,2
1549.4,674.3,362076951,2
1572.6,624.8,362076969,2
1550.4,680.8,362076998,2
1543.2,727.0,362077013,2
1544.6,711.2,362077029,2
1573.7,630.5,362077040,2
1553.7,677.6,362077059,2
1571.7,631.6,362077073,2
1555.4,650.8,362077086,2
1551.8,657.3,362077104,2
1570.5,614.3,362077119,2
1537.8,651.9,362077149,2
1486.9,717.2,362077166,2
1477.5,727.1,362077176,2
1457.3,740.1,362077194,2
1441.8,746.9,362077211,2
1439.0,749.5,362077221,2
1431.6,753.1,362077239,2
1429.1,763.0,362077254,2
1432.8,763.3,362077268,2
1432.9,765.6,362077300,2
1439.6,758.2,362077312,2
1370.6,781.0,362077329,2
1338.9,780.6,362077346,2
1339.2,784.5,362077355,2
1321.7,790.2,362077373,2
1266.0,778.8,362077389,2
1273.8,779.8,362077401,2
1304.5,755.1,362077418,2
1328.8,736.7,362077447,2
1378.8,683.5,362077463,2
1400.9,651.7,362077479,2
1388.8,671.5,362077490,2
1469.6,590.4,362077508,2
1455.1,604.6,362077524,2
1439.5,620.5,362077536,2
1466.1,606.4,362077553,2
1438.1,642.4,362077569,2
1393.2,688.2,362077601,2
1360.6,708.7,362077614,2
1368.6,620.1,362077627,2
1398.5,596.4,362077644,2
1399.5,612.9,362077661,2
1384.9,640.6,362077670,2
1382.8,644.0,362077689,2
1382.1,599.3,362077704,2
1380.6,589.3,362077716,2
1303.3,631.9,362077749,2
1325.7,598.8,362077762,2
1364.3,573.0,362077778,2
1374.7,580.7,362077794,2
1359.6,603.3,362077807,2
1370.5,600.3,362077824,2
1382.3,583.5,362077839,2
1392.0,579.4,362077852,2
1350.6,617.8,362077869,2
1385.4,591.3,362077896,2
1393.6,548.1,362077914,2
1391.4,544.0,362077929,2
1420.7,521.1,362077941,2
1422.6,517.8,362077959,2
1414.1,522.4,362077974,2
1399.2,557.1,362077986,2
1398.2,568.0,362078003,2
1399.9,578.8,362078021,2
1409.1,583.0,362078049,2
1473.5,538.1,362078064,2
1470.6,539.7,362078077,2
1437.1,558.0,362078094,2
1415.0,574.8,362078109,2
1439.8,532.4,362078123,2
1440.0,525.7,362078139,2
1440.2,522.5,362078154,2
1446.7,515.1,362078166,2
1458.8,488.9,362078199,2
1496.0,423.3,362078211,2
1507.1,409.9,362078228,2
1490.7,448.4,362078244,2
1493.2,442.3,362078256,2
1469.9,488.6,362078273,2
1457.0,508.6,362078290,2
1473.0,490.6,362078302,2
1405.5,494.4,362078320,2
1403.4,495.4,362078347,2
1371.7,499.8,362078363,2
1375.4,500.8,362078379,2
1402.0,502.1,362078391,2
1323.0,461.8,362078411,2
1323.0,475.1,362078424,2
1419.2,487.8,362078436,2
1416.8,491.6,362078453,2
1417.3,491.9,362078468,2
1406.1,507.8,362078513,2
1445.7,509.5,362078526,2
1445.9,515.8,362078543,2
1361.6,530.6,362078559,2
1386.5,525.8,362078571,2
1395.5,487.5,362078588,2
1365.6,517.2,362078603,2
1373.5,519.4,362078616,2
1377.2,534.1,362078650,2
1382.9,632.0,362078662,2
1385.9,601.6,362078679,2
1410.5,588.5,362078694,2
1418.7,564.2,362078706,2
1410.1,551.7,362078725,2
1353.0,640.1,362078739,2
1361.9,617.9,362078752,2
1359.0,611.5,362078768,2
1370.7,627.6,362078796,2
1363.2,632.4,362078814,2
1360.7,627.9,362078829,2
1364.5,642.6,362078842,2
1366.1,624.6,362078858,2
1368.4,620.4,362078873,2
1405.9,545.0,362078904,2
1429.9,504.6,362078949,2
1331.0,433.3,362079219,2
1309.4,481.7,362079247,2
1310.3,456.5,362079262,2
1339.8,431.9,362079278,2
1364.9,431.6,362079292,2
1354.7,423.2,362079308,2
1336.4,441.9,362079323,2
1327.6,452.6,362079335,2
1308.9,467.1,362079353,2
1324.2,454.9,362079368,2
1307.7,469.8,362079399,2
1313.6,470.8,362079412,2
1348.6,498.0,362079428,2
1337.9,476.9,362079445,2
1337.9,473.0,362079459,2
1351.6,489.3,362079472,2
1358.3,503.0,362079488,2
1360.3,498.5,362079504,2
1361.1,497.0,362079516,2
1352.9,494.4,362079549,2
1353.2,493.1,362079563,2
1342.7,496.3,362079578,2
1345.3,499.2,362079593,2
1336.0,511.1,362079608,2
1351.9,506.1,362079624,2
1385.1,480.7,362079639,2
1386.0,484.7,362079652,2
1386.2,486.8,362079668,2
1409.6,477.0,362079697,2
1382.6,505.8,362079712,2
1373.6,515.1,362079730,2
1373.2,515.0,362079741,2
1385.2,506.0,362079759,2
1419.9,512.2,362079773,2
1453.3,510.7,362079787,2
1496.9,475.5,362079805,2
1516.7,480.6,362079818,2
1520.5,537.1,362079850,2
1501.4,573.6,362079865,2
1497.3,568.8,362079876,2
1471.6,627.5,362079895,2
1465.1,638.0,362079909,2
1452.6,644.8,362079922,2
1439.6,644.4,362079939,2
1408.2,684.0,362079953,2
1393.9,686.5,362079966,2
1395.0,652.5,362079999,2
1401.8,644.3,362080011,2
1391.3,672.5,362080029,2
1411.5,638.0,362080043,2
1418.0,644.1,362080056,2
1404.7,676.9,362080074,2
1406.8,676.4,362080091,2
1413.7,660.5,362080100,2
1332.8,681.7,362080119,2
1385.8,631.8,362080148,2
1440.1,585.9,362080164,2
1446.3,591.8,362080178,2
1480.0,569.2,362080192,2
1472.3,551.0,362080209,2
1462.0,553.8,362080225,2
1492.8,528.2,362080237,2
1489.2,528.2,362080254,2
1437.5,540.3,362080269,2
1453.9,546.9,362080300,2
1464.9,563.0,362080314,2
1486.6,530.0,362080327,2
1485.9,534.8,362080343,2
1468.4,522.1,362080358,2
1444.5,541.4,362080372,2
1452.4,548.5,362080388,2
1449.9,554.1,362080403,2
1446.6,556.7,362080416,2
1438.2,565.3,362080450,2
1444.0,560.8,362080462,2
1440.3,563.7,362080479,2
1434.9,561.4,362080494,2
1424.9,561.7,362080508,2
1422.2,568.5,362080524,2
1423.5,576.3,362080541,2
1431.5,583.2,362080552,2
1434.6,584.4,362080568,2
1437.3,583.1,362080599,2
1471.0,582.0,362080613,2
1468.5,584.5,362080629,2
1465.2,580.5,362080641,2
1442.2,592.0,362080660,2
1423.4,588.5,362080674,2
1424.5,582.9,362080687,2
1446.2,534.7,362080702,2
1439.9,534.4,362080718,2
1424.2,538.1,362080749,2
1391.7,540.8,362080763,2
1372.9,486.3,362080777,2
1370.8,495.3,362080793,2
1379.9,534.2,362080809,2
1401.0,573.2,362080821,2
1400.6,573.5,362080839,2
1400.2,579.6,362080855,2
1386.0,579.2,362080866,2
1379.6,598.4,362080899,2
1372.3,598.8,362080911,2
1352.1,598.7,362080928,2
1360.1,601.3,362080944,2
1359.5,600.7,362080958,2
1353.4,612.9,362080973,2
1347.7,612.5,362080989,2
1349.0,620.2,362081002,2
1355.3,628.0,362081019,2
1368.2,643.4,362081047,2
1411.7,584.1,362081064,2
1409.1,597.2,362081078,2
1411.2,596.3,362081091,2
1397.9,622.3,362081108,2
1382.3,644.6,362081124,2
1394.9,615.1,362081135,2
1396.4,623.2,362081154,2
1394.4,634.6,362081168,2
1427.9,585.0,362081199,2
1424.0,585.7,362081214,2
1407.6,621.0,362081226,2
1353.8,762.7,362081243,2
1350.0,746.3,362081259,2
1409.2,620.4,362081270,2
1371.6,687.2,362081290,2
1373.2,679.3,362081304,2
1400.6,637.5,362081315,2
1370.3,692.6,362081349,2
1371.7,695.7,362081361,2
1381.4,680.4,362081378,2
1397.2,678.4,362081396,2
1401.8,672.7,362081407,2
1446.7,623.4,362081440,2
1461.1,607.9,362081450,2
1533.0,571.7,362081468,2
1517.7,599.9,362081498,2
1505.2,624.1,362081514,2
1494.8,614.1,362081529,2
1502.4,641.4,362081541,2
1468.0,629.8,362081559,2
1450.1,649.6,362081574,2
1466.1,601.0,362081588,2
1462.8,603.4,362081604,2
1474.0,578.6,362081619,2
1456.8,599.1,362081663,2
1436.4,601.7,362081677,2
1438.7,625.5,362081694,2
1436.7,612.1,362081709,2
1434.8,626.9,362081722,2
1416.7,635.0,362081739,2
1448.2,612.6,362081754,2
1485.1,645.1,362081828,2
1172.9,286.3,362082144,2
1608.6,699.6,362082158,2
1612.9,698.4,362082189,2
1615.4,697.7,362082249,2
1326.1,651.5,362082260,2
1273.6,621.7,362082277,2
1283.9,604.5,362082293,2
1291.4,597.4,362082307,2
1295.0,585.3,362082323,2
1297.8,582.6,362082338,2
1293.0,550.8,362082351,2
1298.1,549.4,362082368,2
1326.2,521.4,362082412,2
1376.6,535.4,362082429,2
1371.1,542.8,362082442,2
1360.3,554.9,362082460,2
1365.8,556.1,362082474,2
1374.9,544.9,362082487,2
1373.1,518.2,362082504,2
1374.2,482.1,362082519,2
1376.2,472.0,362082549,2
1375.6,470.1,362082563,2
1403.1,509.0,362082577,2
1415.8,544.3,362082608,2
1423.4,573.0,362082623,2
1424.2,567.6,362082655,2
1426.2,571.2,362082665,2
1431.9,574.1,362082700,2
1433.9,574.4,362082710,2
1438.1,579.1,362082727,2
1427.0,584.2,362082743,2
1444.3,561.6,362082756,2
1442.8,558.3,362082773,2
1414.9,584.2,362082788,2
1432.3,567.2,362082801,2
1426.1,558.5,362082819,2
1415.6,567.8,362082846,2
1391.2,592.2,362082864,2
1380.7,606.5,362082879,2
1338.4,627.4,362082891,2
1354.1,617.5,362082908,2
1357.1,617.5,362082925,2
1360.7,613.8,362082936,2
1355.4,614.1,362082955,2
1353.2,614.2,362082968,2
1351.4,610.7,362083000,2
1347.0,610.1,362083013,2
1346.2,610.5,362083026,2
1345.5,606.6,362083044,2
1348.3,598.8,362083059,2
1353.4,593.1,362083073,2
1360.4,590.8,362083089,2
1387.0,578.3,362083103,2
1381.6,565.6,362083116,2
1380.8,560.7,362083150,2
1382.0,546.9,362083161,2
1391.7,521.7,362083177,2
1397.4,492.7,362083195,2
1397.3,496.5,362083208,2
1383.8,533.6,362083223,2
1381.1,533.4,362083239,2
1391.2,537.6,362083253,2
1383.3,549.9,362083268,2
1376.9,554.2,362083300,2
1364.4,569.7,362083314,2
1357.6,578.3,362083331,2
1393.8,548.7,362083341,2
1382.1,557.3,362083361,2
1381.9,555.7,362083373,2
1374.6,560.4,362083385,2
1373.6,558.4,362083404,2
1375.5,540.7,362083419,2
1375.4,545.4,362083450,2
1375.8,537.1,362083463,2
1381.8,548.8,362083475,2
1406.4,529.5,362083495,2
1410.2,523.3,362083509,2
1431.3,617.7,362083870,2
1475.6,641.0,362083927,2
1475.6,641.0,362083943,2
1475.6,641.0,362083988,2
1476.1,632.5,362084003,2
1443.3,523.6,362084015,2
1396.5,456.5,362084049,2
1413.2,484.7,362084060,2
1407.4,496.8,362084077,2
1331.7,549.8,362084092,2
1321.8,581.7,362084106,2
1295.6,634.4,362084138,2
1239.3,669.6,362084151,2
1238.4,705.5,362084196,2
1283.4,746.9,362084213,2
1280.4,748.6,362084228,2
1265.2,753.6,362084240,2
1261.2,761.7,362084258,2
1238.6,763.2,362084273,2
1213.7,784.1,362084286,2
1195.1,679.1,362084349,2
1198.7,674.9,362084362,2
1238.2,621.7,362084375,2
1291.0,510.8,362084392,2
1286.1,507.8,362084407,2
1277.8,500.3,362084422,2
1278.2,540.4,362084438,2
1279.2,560.0,362084454,2
1301.8,507.7,362084468,2
1321.7,493.3,362084513,2
1340.7,460.8,362084529,2
1320.4,492.3,362084543,2
1324.5,487.3,362084557,2
1294.6,569.6,362084574,2
1298.9,553.9,362084588,2
1302.8,557.0,362084601,2
1298.2,594.6,362084619,2
1288.3,599.2,362084647,2
1321.7,517.5,362084663,2
1314.4,531.1,362084678,2
1309.1,558.3,362084691,2
1304.4,525.3,362084710,2
1300.8,529.2,362084724,2
1295.8,510.3,362084736,2
1299.6,489.9,362084753,2
1293.9,497.1,362084770,2
1303.4,485.1,362084798,2
1285.8,524.8,362084813,2
1297.1,530.1,362084827,2
1302.7,537.4,362084857,2
1299.6,523.2,362084871,2
1315.7,543.3,362084888,2
1327.4,551.8,362084905,2
1334.8,549.8,362084916,2
1318.5,560.5,362084950,2
1317.7,554.3,362084960,2
1341.9,482.9,362084978,2
1336.7,492.2,362084994,2
1336.8,497.6,362085007,2
1334.2,526.3,362085023,2
1399.7,593.0,362085038,2
1396.2,580.8,362085050,2
1416.1,568.8,362085068,2
1412.6,551.6,362085099,2
1425.3,541.0,362085113,2
1431.4,532.6,362085127,2
1440.5,533.9,362085140,2
1494.2,553.1,362085158,2
1571.9,576.3,362085175,2
1539.5,597.6,362085187,2
1526.7,609.0,362085204,2
1475.2,628.9,362085218,2
1449.3,567.5,362085249,2
1442.6,584.3,362085263,2
1414.7,641.5,362085275,2
1414.4,639.6,362085292,2
1390.5,688.8,362085308,2
1398.2,679.1,362085321,2
1481.5,516.7,362085339,2
1466.0,554.5,362085354,2
1465.8,563.7,362085365,2
1448.5,634.4,362085399,2
1462.2,609.7,362085410,2
1442.4,674.1,362085429,2
1438.4,702.9,362085444,2
1486.8,629.7,362085455,2
1473.5,673.1,362085473,2
1466.6,683.2,362085488,2
1512.7,583.8,362085500,2
1482.4,645.9,362085517,2
1484.2,644.8,362085547,2
1471.1,676.6,362085564,2
1449.1,680.4,362085579,2
1443.8,677.7,362085590,2
1455.2,667.8,362085608,2
1449.5,665.8,362085625,2
1468.4,658.7,362085635,2
1470.2,657.2,362085654,2
1469.7,656.2,362085668,2
1481.8,637.6,362085701,2
1521.6,512.8,362085714,2
1491.2,571.7,362085726,2
1507.3,528.8,362085745,2
1482.0,564.9,362085759,2
1477.9,579.9,362085772,2
1506.6,547.4,362085788,2
1489.2,576.2,362085804,2
1460.8,606.6,362085815,2
1449.9,623.3,362085850,2
1478.6,574.0,362085860,2
1482.0,568.5,362085878,2
1468.0,594.4,362085894,2
1463.7,602.5,362085905,2
1458.0,602.6,362085922,2
1471.5,572.9,362085938,2
1496.9,528.3,362085953,2
1484.4,538.9,362085969,2
1410.7,599.3,362085996,2
1458.7,556.2,362086012,2
1457.1,559.8,362086028,2
1440.6,571.8,362086041,2
1436.4,615.8,362086058,2
1417.4,623.2,362086074,2
1436.4,627.6,362086086,2
1423.0,628.2,362086104,2
1428.6,622.6,362086118,2
1441.3,630.2,362086152,2
1444.0,631.9,362086164,2
1431.2,628.3,362086175,2
1442.6,633.5,362086193,2
1436.3,631.2,362086208,2
1435.4,637.9,362086221,2
1435.5,635.6,362086238,2
1441.2,631.9,362086254,2
1439.5,627.1,362086266,2
1523.0,462.2,362086299,2
1515.8,484.5,362086310,2
1493.2,503.1,362086328,2
1566.8,415.4,362086343,2
1576.3,402.1,362086355,2
1572.2,400.7,362086374,2
1574.3,398.1,362086388,2
1556.8,418.3,362086400,2
1503.4,457.7,362086418,2
1495.7,461.7,362086447,2
1448.2,522.0,362086463,2
1416.5,583.5,362086479,2
1329.9,592.4,362086567,2
1552.8,611.1,362086598,2
1512.8,613.2,362086642,2
1506.9,626.3,362086657,2
1501.3,623.8,362086670,2
1434.6,573.1,362086703,2
1422.0,570.5,362086749,2
1421.8,581.2,362086777,2
1348.1,656.3,362086793,2
1335.5,678.0,362086805,2
1275.9,722.8,362086838,2
1189.2,857.7,362086870,2
1122.1,887.0,362086927,2
1114.6,898.8,362086941,2
1068.0,1017.4,362086973,2
1072.3,1046.8,362086985,2
1032.6,1063.8,362087018,2
971.4,1082.5,362087062,2
995.6,1059.5,362087075,2
1007.6,1014.1,362087107,2
1036.5,963.1,362087121,2
1037.5,948.6,362087153,2
1027.3,956.5,362087165,2
990.4,954.1,362087199,2
989.4,949.6,362087210,2
1055.6,884.3,362087232,2
1067.3,850.6,362087243,2
1089.5,805.9,362087274,2
1111.0,803.1,362087290,2
1146.2,749.5,362087318,2
1262.7,642.2,362087346,2
1269.5,642.0,362087362,2
1304.2,641.0,362087378,2
1300.7,637.5,362087424,2
1321.5,642.6,362087435,2
1330.3,636.5,362087453,2
1317.0,589.7,362087468,2
1289.8,563.4,362087512,2
1300.5,543.1,362087525,2
1297.1,562.6,362087543,2
1301.4,562.1,362087557,2
1314.5,561.4,362087587,2
1325.6,568.0,362087603,2
1307.8,558.7,362087650,2
1340.9,573.6,362087678,2
1348.0,574.8,362087693,2
1367.4,604.6,362087724,2
1370.6,610.5,362087738,2
1378.3,613.4,362087767,2
1381.9,607.6,362087813,2
1381.3,609.6,362087828,2
1379.0,578.0,362087873,2
1372.2,578.9,362087902,2
1365.6,574.1,362087918,2
1363.1,574.4,362087950,2
1365.5,570.3,362087963,2
1366.4,570.1,362087975,2
1373.0,572.9,362088008,2
1366.4,568.7,362088054,2
1355.4,576.4,362088099,2
1347.6,573.5,362088110,2
1386.5,580.4,362088128,2
1393.6,582.2,362088143,2
1391.1,581.2,362088155,2
1393.0,584.1,362088173,2
1399.7,593.9,362088189,2
1390.3,591.1,362088201,2
1621.6,504.7,362088580,2
1398.6,582.1,362088593,2
1359.1,485.1,362088623,2
1346.2,442.8,362088639,2
1380.6,547.6,362088668,2
1389.0,518.2,362088713,2
1400.9,605.8,362088728,2
1378.2,720.3,362088758,2
1380.1,720.0,362088802,2
1383.4,691.2,362088818,2
1388.4,613.5,362088851,2
1402.4,572.7,362088866,2
1394.2,555.0,362088875,2
1389.1,555.0,362088897,2
1392.2,556.0,362088912,2
1392.4,556.5,362088920,2
1395.7,558.3,362088938,2
1393.9,561.3,362088953,2
1393.5,592.9,362088967,2
1402.6,595.3,362089000,2
1407.8,548.6,362089010,2
1407.1,570.3,362089043,2
1413.6,523.0,362089058,2
1417.3,533.9,362089072,2
1441.2,561.3,362089088,2
1448.0,548.0,362089101,2
1445.5,545.5,362089118,2
1425.9,548.8,362089146,2
1422.2,552.3,362089163,2
1336.1,571.6,362089178,2
1304.4,585.1,362089222,2
1307.8,650.0,362089256,2
1307.7,647.7,362089270,2
1313.0,647.1,362089300,2
1370.5,590.2,362089314,2
1371.0,582.8,362089327,2
1373.5,572.2,362089343,2
1374.7,568.0,362089358,2
1373.3,529.5,362089372,2
1370.1,505.1,362089390,2
1354.0,528.8,362089405,2
1351.4,531.1,362089418,2
1345.7,532.2,362089449,2
1361.0,559.7,362089463,2
1352.5,564.2,362089480,2
1353.3,563.3,362089493,2
1361.2,568.5,362089506,2
1406.1,580.8,362089525,2
1409.4,582.5,362089538,2
1377.6,585.2,362089554,2
1371.9,588.1,362089570,2
1366.6,595.4,362089597,2
1332.3,617.1,362089614,2
1333.9,607.6,362089628,2
1321.0,546.5,362089642,2
1324.7,546.0,362089660,2
1329.8,559.7,362089675,2
1335.7,583.6,362089685,2
1337.4,586.0,362089705,2
1345.8,572.5,362089718,2
1349.3,593.5,362089752,2
1342.3,594.6,362089764,2
1341.9,591.8,362089778,2
1340.1,581.5,362089793,2
1373.3,624.3,362089809,2
1362.2,622.5,362089820,2
1380.7,618.3,362089838,2
1411.6,617.2,362089854,2
1429.8,612.1,362089868,2
1544.7,579.0,362089900,2
1544.6,582.3,362089910,2
1545.4,584.9,362089928,2
1533.7,635.6,362089943,2
1530.3,654.8,362089956,2
1537.0,674.6,362089972,2
1539.9,675.7,362089988,2
1539.8,660.7,362090001,2
1534.6,660.4,362090018,2
1532.4,581.9,362090046,2
1545.2,582.6,362090063,2
1512.8,607.8,362090078,2
1498.8,621.7,362090090,2
1479.9,661.9,362090108,2
1455.2,692.5,362090123,2
1439.4,709.4,362090135,2
1392.8,782.1,362090154,2
1382.5,801.9,362090168,2
1400.7,773.3,362090199,2
1422.0,728.2,362090213,2
1392.2,697.5,362090226,2
1363.7,692.2,362090243,2
1360.2,694.9,362090261,2
1371.9,702.6,362090272,2
1389.1,692.5,362090290,2
1406.3,685.5,362090303,2
1413.1,682.9,362090316,2
1435.1,675.0,362090350,2
1435.5,676.5,362090360,2
1445.1,670.2,362090377,2
1433.0,665.5,362090394,2
1472.5,585.2,362090423,2
1430.5,618.7,362090438,2
1256.8,737.3,362090873,2
1283.2,655.0,362090887,2
1295.8,659.6,362090900,2
1289.9,665.0,362090946,2
1263.9,645.1,362090963,2
1276.5,626.3,362090977,2
1259.9,632.1,362090992,2
1255.6,624.8,362091023,2
1260.9,582.6,362091038,2
1261.6,577.4,362091068,2
1285.8,531.6,362091112,2
1284.9,545.2,362091125,2
1285.7,568.5,362091142,2
1294.7,565.4,362091158,2
1298.6,561.6,362091170,2
1314.1,533.2,362091188,2
1305.6,544.1,362091203,2
1352.6,508.0,362091215,2
1344.4,505.7,362091249,2
1330.9,492.7,362091261,2
1283.2,516.9,362091292,2
1229.8,538.9,362091306,2
1208.6,546.0,362091325,2
1223.7,549.4,362091337,2
1209.3,577.0,362091397,2
1238.0,605.8,362091429,2
1243.9,581.4,362091459,2
1239.1,582.3,362091473,2
1234.4,583.1,362091488,2
1192.2,606.4,362091502,2
1204.0,597.5,362091517,2
1155.5,652.0,362091549,2
1160.0,643.2,362091562,2
1151.1,633.7,362091575,2
1141.7,612.5,362091592,2
1129.4,635.8,362091610,2
1108.6,646.9,362091622,2
1100.8,628.8,362091636,2
1110.3,639.2,362091654,2
1090.8,610.8,362091665,2
1087.9,601.4,362091699,2
1087.2,578.7,362091712,2
1091.8,573.2,362091727,2
1120.1,599.7,362091742,2
1118.4,638.3,362091756,2
1128.8,645.0,362091788,2
1145.4,640.2,362091800,2
1162.5,588.9,362091818,2
1170.5,612.9,362091848,2
1170.2,587.0,362091865,2
1180.3,578.2,362091880,2
1209.2,590.5,362091890,2
1229.9,666.3,362091907,2
1224.5,688.7,362091922,2
1230.1,669.0,362091936,2
1217.8,689.1,362091952,2
1217.4,694.1,362091967,2
1240.1,636.8,362091999,2
1240.4,652.7,362092012,2
1296.0,658.1,362092025,2
1434.7,607.6,362092042,2
1456.4,607.3,362092058,2
1457.6,623.6,362092069,2
1479.3,609.8,362092103,2
1445.6,608.3,362092115,2
1547.1,539.9,362092150,2
1575.6,543.7,362092159,2
1591.3,560.2,362092178,2
1575.3,562.5,362092193,2
1544.2,572.7,362092205,2
1530.7,588.8,362092223,2
1546.7,589.0,362092237,2
1535.6,600.3,362092251,2
1470.8,704.4,362092267,2
1435.0,727.1,362092298,2
1425.0,711.2,362092313,2
1426.2,718.8,362092328,2
1440.8,690.9,362092372,2
1435.3,740.4,362092386,2
1469.3,702.9,362092402,2
1448.9,739.9,362092418,2
1447.3,800.9,362092449,2
1445.7,828.9,362092464,2
1450.0,810.0,362092474,2
1449.0,809.9,362092493,2
1470.1,679.0,362092508,2
1455.5,720.3,362092520,2
1447.7,689.8,362092537,2
1463.6,685.8,362092553,2
1465.4,674.6,362092565,2
1470.2,671.6,362092599,2
1481.3,625.3,362092611,2
1517.3,639.4,362092643,2
1516.9,620.0,362092656,2
1548.4,553.8,362092673,2
1539.2,560.8,362092688,2
1518.4,580.5,362092700,2
1493.2,636.3,362092718,2
1510.5,626.4,362092749,2
1491.5,662.2,362092762,2
1520.4,583.8,362092779,2
1518.2,601.1,362092789,2
1474.3,721.7,362092807,2
1476.5,712.2,362092822,2
1496.3,653.3,362092834,2
1520.7,587.4,362092852,2
1505.9,619.6,362092869,2
1537.2,571.2,362092900,2
1531.8,583.1,362092913,2
1545.9,573.1,362092926,2
1541.9,590.4,362092943,2
1534.6,580.1,362092959,2
1515.9,594.2,362092969,2
1517.4,569.2,362092990,2
1515.1,581.8,362093004,2
1526.6,560.8,362093017,2
1522.5,585.1,362093049,2
1511.1,601.7,362093060,2
1474.4,669.2,362093080,2
1481.5,669.8,362093094,2
1487.4,655.7,362093106,2
1502.1,638.2,362093122,2
1503.9,628.9,362093138,2
1501.9,642.8,362093150,2
1507.7,647.0,362093168,2
1518.8,661.5,362093197,2
1516.0,656.1,362093213,2
1515.9,618.5,362093228,2
1515.2,621.7,362093239,2
1521.8,596.8,362093259,2
1536.5,567.9,362093275,2
1523.5,593.6,362093284,2
1528.6,595.9,362093302,2
1517.3,607.4,362093318,2
1491.0,643.0,362093350,2
1468.3,671.7,362093364,2
1505.0,615.7,362093376,2
1459.6,676.2,362093394,2
1446.8,687.0,362093408,2
1438.8,690.7,362093420,2
1443.9,669.6,362093438,2
1427.8,697.2,362093452,2
1454.9,867.4,362094128,2
1391.8,849.4,362094158,2
1385.9,795.5,362094172,2
1362.1,691.7,362094203,2
1359.4,675.6,362094220,2
1361.1,657.1,362094249,2
1373.3,646.7,362094264,2
1380.5,617.2,362094292,2
1388.5,611.4,362094308,2
1406.7,597.7,362094320,2
1395.2,576.2,362094339,2
1396.1,583.8,362094354,2
1386.1,565.2,362094399,2
1389.3,499.0,362094410,2
1397.2,556.9,362094428,2
1407.3,530.0,362094443,2
1409.3,523.7,362094473,2
1371.3,504.8,362094487,2
1377.2,505.4,362094500,2
1382.8,518.6,362094517,2
1379.3,517.1,362094546,2
1384.0,515.6,362094563,2
1376.6,525.8,362094578,2
1380.2,523.5,362094591,2
1372.0,532.2,362094607,2
1369.5,535.3,362094623,2
1371.3,536.9,362094635,2
1378.3,579.2,362094653,2
1374.4,568.0,362094670,2
1378.8,553.6,362094714,2
1375.6,567.7,362094725,2
1352.1,593.5,362094743,2
1355.5,558.0,362094757,2
1357.4,559.1,362094770,2
1356.8,484.4,362094787,2
1356.8,495.1,362094802,2
1372.6,498.7,362094815,2
1386.8,498.7,362094849,2
1402.0,497.7,362094860,2
1401.5,516.3,362094879,2
1412.0,541.3,362094893,2
1408.1,545.1,362094905,2
1421.0,573.0,362094922,2
1441.1,525.9,362094938,2
1443.5,531.3,362094970,2
1433.4,523.9,362094998,2
1415.2,551.0,362095015,2
1426.6,556.0,362095028,2
1434.6,575.5,362095040,2
1429.6,577.4,362095057,2
1431.9,616.4,362095075,2
1427.8,591.5,362095086,2
1406.7,592.0,362095103,2
1395.8,593.8,362095119,2
1396.2,536.7,362095148,2
1400.8,525.9,362095163,2
1405.2,549.9,362095176,2
1400.8,542.9,362095194,2
1391.2,556.0,362095209,2
1390.9,563.4,362095222,2
1389.1,574.2,362095238,2
1387.8,575.3,362095252,2
1376.8,579.5,362095266,2
1367.1,568.8,362095299,2
1364.9,554.5,362095311,2
1354.4,566.9,362095328,2
1360.5,537.1,362095342,2
1386.6,484.8,362095356,2
1367.0,540.7,362095373,2
1383.4,539.4,362095389,2
1388.8,520.5,362095400,2
1400.1,492.5,362095418,2
1409.8,515.2,362095446,2
1502.9,539.9,362095490,2
1569.0,619.7,362095506,2
1508.4,722.2,362095522,2
1517.2,722.8,362095566,2
1585.5,582.2,362095599,2
1583.7,590.6,362095613,2
1569.6,580.1,362095626,2
1551.2,557.9,362095642,2
1550.3,549.2,362095658,2
1536.9,522.4,362095671,2
1530.6,543.4,362095690,2
1544.3,552.5,362095702,2
1539.8,552.8,362095716,2
1577.9,596.8,362095749,2
1560.7,614.0,362095762,2
1549.8,607.3,362095777,2
1532.0,635.0,362095792,2
1520.2,651.4,362095822,2
1513.1,666.5,362095837,2
1531.3,638.0,362095851,2
1504.1,700.4,362095867,2
1486.3,720.6,362095913,2
1458.6,739.7,362095931,2
1469.1,749.8,362095939,2
1444.1,761.6,362095958,2
1442.7,761.1,362095973,2
1459.9,759.9,362095985,2
1452.9,772.1,362096002,2
1468.7,763.0,362096018,2
1478.5,767.0,362096063,2
1482.5,775.4,362096075,2
1491.6,767.6,362096093,2
1517.8,740.8,362096108,2
1557.9,677.6,362096120,2
1524.3,690.5,362096139,2
1497.5,704.4,362096154,2
1497.4,698.9,362096166,2
1544.8,510.8,362096200,2
1531.2,577.3,362096210,2
1479.4,643.5,362096228,2
1500.6,611.8,362096244,2
1523.1,585.6,362096255,2
1521.1,589.2,362096274,2
1538.4,509.5,362096288,2
1538.3,523.2,362096300,2
1520.5,623.9,362096318,2
1524.5,617.6,362096346,2
1511.3,648.4,362096362,2
1515.9,617.4,362096390,2
1362.3,802.8,362096407,2
1329.3,833.3,362096434,2
1326.7,833.8,362096452,2
1352.7,868.2,362096467,2
1365.5,879.3,362096498,2
1369.6,886.7,362096513,2
1346.8,914.6,362096525,2
1349.1,919.4,362096542,2
1359.0,923.1,362096557,2
1346.5,921.5,362096569,2
1356.0,940.3,362096602,2
1523.1,637.3,362097098,2
1183.5,1235.7,362097109,2
1338.9,933.8,362097127,2
1425.5,714.5,362097188,2
1477.8,502.1,362097216,2
1434.6,530.2,362097246,2
1435.8,529.6,362097264,2
1416.7,756.1,362097276,2
1411.6,788.3,362097288,2
1410.1,805.9,362097308,2
1336.1,897.3,362097323,2
1345.7,887.7,362097336,2
1362.6,886.2,362097353,2
1351.8,913.8,362097367,2
1336.0,936.6,362097416,2
1334.0,934.2,362097427,2
1106.5,885.0,362097458,2
1170.5,900.6,362097471,2
1189.3,908.2,362097488,2
1201.8,915.0,362097502,2
1159.2,966.5,362097515,2
1222.2,890.9,362097549,2
1251.6,818.8,362097561,2
1266.3,747.0,362097578,2
1278.3,777.4,362097593,2
1358.5,671.0,362097604,2
1380.0,616.7,362097623,2
1375.3,608.7,362097638,2
1431.3,550.1,362097649,2
1437.1,551.1,362097668,2
1407.3,598.8,362097712,2
1442.1,575.5,362097728,2
1444.7,571.0,362097740,2
1361.6,643.5,362097757,2
1363.1,642.3,362097772,2
1395.8,613.8,362097804,2
1458.7,588.1,362097817,2
1440.1,579.1,362097849,2
1487.2,565.1,362097862,2
1485.1,557.7,362097875,2
1453.3,558.5,362097892,2
1436.3,538.1,362097909,2
1436.9,537.0,362097937,2
1434.0,537.6,362097952,2
1447.9,530.8,362097965,2
1455.7,527.5,362098000,2
1455.5,525.2,362098013,2
1407.8,525.8,362098030,2
1390.7,517.2,362098042,2
1385.4,522.9,362098058,2
1414.1,530.9,362098074,2
1406.1,548.7,362098088,2
1419.4,547.3,362098101,2
1443.0,555.5,362098118,2
1429.7,546.0,362098148,2
1423.4,540.3,362098163,2
1426.6,542.2,362098178,2
1424.7,536.2,362098192,2
1421.6,524.1,362098209,2
1439.9,516.5,362098223,2
1416.0,508.1,362098236,2
1424.7,510.6,362098255,2
1463.1,511.9,362098268,2
1472.1,514.0,362098299,2
1455.0,514.7,362098315,2
1497.0,515.1,362098326,2
1507.0,499.8,362098343,2
1553.6,489.5,362098359,2
1560.3,496.1,362098371,2
1575.8,531.1,362098387,2
1579.8,551.9,362098402,2
1571.7,568.1,362098415,2
1554.7,594.8,362098451,2
1562.6,601.3,362098461,2
1546.2,619.5,362098478,2
1544.0,598.1,362098493,2
1548.2,586.3,362098506,2
1535.5,550.7,362098522,2
1544.8,560.3,362098537,2
1535.0,544.5,362098552,2
1530.0,550.8,362098567,2
1526.5,573.6,362098596,2
1512.6,613.4,362098612,2
1466.2,647.4,362098627,2
1464.0,649.2,362098641,2
1463.3,650.4,362098657,2
1461.0,649.1,362098672,2
1474.1,576.6,362098684,2
1463.7,643.0,362098718,2
1461.7,642.0,362098750,2
1455.8,673.8,362098763,2
1436.7,680.0,362098775,2
1431.8,680.6,362098793,2
1436.0,678.9,362098809,2
1438.4,678.1,362098820,2
1486.2,593.2,362098837,2
1481.1,600.2,362098855,2
1488.1,583.7,362098865,2
1378.9,639.4,362098900,2
1397.7,647.5,362098910,2
1391.7,654.5,362098927,2
1387.8,658.3,362098943,2
1405.0,660.9,362098955,2
1402.6,658.0,362098972,2
1392.5,650.9,362098989,2
1402.0,633.8,362098999,2
1399.1,629.2,362099017,2
1447.7,590.9,362099046,2
1447.5,578.7,362099063,2
1432.5,570.9,362099079,2
1433.7,558.7,362099091,2
1427.2,570.9,362099108,2
1433.1,572.5,362099123,2
1450.9,563.9,362099136,2
1454.1,559.2,362099153,2
1441.6,556.0,362099167,2
1431.1,573.2,362099199,2
1435.7,570.7,362099212,2
1448.3,565.6,362099226,2
1444.6,574.2,362099243,2
1444.5,570.2,362099259,2
1454.2,570.7,362099270,2
1473.0,546.9,362099288,2
1445.9,573.5,362099304,2
1446.7,571.0,362099316,2
1443.6,566.6,362099349,2
1440.8,574.0,362099361,2
1422.7,567.1,362099379,2
1430.4,567.3,362099393,2
1419.0,564.6,362099405,2
1412.8,549.0,362099423,2
1421.1,562.2,362099438,2
1424.3,556.3,362099451,2
1427.4,544.7,362099467,2
1427.3,562.3,362099497,2
1427.5,571.3,362099513,2
1426.4,569.8,362099527,2
1426.7,559.5,362099540,2
1437.5,554.6,362099558,2
1436.8,558.1,362099572,2
1440.5,545.2,362099586,2
1431.9,550.4,362099602,2
1422.2,554.0,362099618,2
1403.6,545.9,362099662,2
1363.5,539.3,362099676,2
1253.8,542.2,362099692,2
1241.2,549.7,362099708,2
1231.0,552.2,362099721,2
1172.6,576.3,362099738,2
1155.3,586.5,362099752,2
1149.3,586.7,362099765,2
1114.6,594.3,362099809,2
1113.7,603.3,362099827,2
1112.5,604.8,362099843,2
1132.5,669.7,362099872,2
1148.3,662.9,362099887,2
1158.9,658.6,362099901,2
1164.3,676.2,362099917,2
1172.8,664.1,362099946,2
1145.6,658.9,362099961,2
1143.6,652.7,362099978,2
1139.4,652.8,362099989,2
1092.7,651.3,362100008,2
1085.2,656.8,362100024,2
1117.2,667.1,362100035,2
1121.6,664.6,362100052,2
1112.4,655.8,362100068,2
1158.6,666.9,362100100,2
1179.5,683.5,362100112,2
1198.0,693.2,362100126,2
1220.6,704.8,362100143,2
1225.3,705.3,362100159,2
1231.2,697.7,362100170,2
1284.1,653.5,362100187,2
1288.4,635.4,362100203,2
1283.7,625.2,362100216,2
1266.7,659.8,362100248,2
1285.7,628.1,362100260,2
1355.4,611.2,362100293,2
1376.6,607.6,362100306,2
1458.1,605.1,362100321,2
1465.2,609.9,362100337,2
1465.4,613.6,362100351,2
1458.8,614.9,362100367,2
1479.7,573.5,362100395,2
1481.0,557.9,362100412,2
1485.1,543.3,362100428,2
1486.3,541.9,362100440,2
1490.1,542.8,362100458,2
1492.2,554.6,362100474,2
1495.1,558.2,362100484,2
1498.9,550.7,362100503,2
1501.8,563.1,362100518,2
1512.7,558.8,362100549,2
1521.1,559.6,362100563,2
1522.2,559.6,362100575,2
1536.1,561.4,362100593,2
1555.6,559.8,362100609,2
1558.9,567.3,362100620,2
1558.2,567.0,362100653,2
1553.8,563.0,362100665,2
1535.2,545.8,362100728,2
1531.7,545.8,362100742,2
1527.8,545.6,362100755,2
1529.2,547.0,362100772,2
1539.2,548.1,362100788,2
1544.7,548.2,362100800,2
1545.5,549.2,362100819,2
1532.6,567.7,362100849,2
1524.7,574.0,362100861,2
1518.8,579.6,362100878,2
1522.6,574.0,362100890,2
1522.8,574.2,362100909,2
1524.2,565.2,362100922,2
1527.4,557.8,362100935,2
1534.4,541.8,362100952,2
1536.0,529.1,362100967,2
1531.0,534.9,362100998,2
1535.8,530.5,362101012,2
1545.1,523.8,362101024,2
1545.8,528.3,362101058,2
1543.6,528.9,362101070,2
1525.3,558.1,362101088,2
1509.1,577.0,362101102,2
1491.2,585.7,362101116,2
1500.4,583.5,362101150,2
1616.4,520.5,362101161,2
1596.2,545.8,362101182,2
1595.4,607.8,362101196,2
1581.7,601.4,362101206,2
1543.5,610.9,362101223,2
1527.4,625.6,362101237,2
1514.6,578.7,362101249,2
1518.3,613.7,362101267,2
1502.0,611.4,362101296,2
1432.8,688.9,362101329,2
1430.0,679.1,362101341,2
1410.1,703.3,362101358,2
1419.9,643.7,362101372,2
1424.1,627.8,362101384,2
1415.3,674.7,362101403,2
1404.9,708.7,362101417,2
1393.1,732.7,362101448,2
1415.8,698.2,362101463,2
1489.0,588.0,362101492,2
1481.2,602.9,362101509,2
1214.3,601.2,362102093,2
1284.7,592.1,362102123,2
1296.7,540.6,362102138,2
1249.3,422.6,362102167,2
1247.0,436.3,362102196,2
1255.0,454.0,362102211,2
1270.5,512.6,362102227,2
1274.9,517.2,362102240,2
1284.3,525.4,362102257,2
1312.8,542.9,362102273,2
1349.9,564.5,362102302,2
1355.0,563.6,362102317,2
1388.5,558.5,362102349,2
1424.6,539.8,362102362,2
1432.2,534.5,362102376,2
1409.8,518.5,362102394,2
1419.2,520.7,362102410,2
1413.4,519.9,362102421,2
1441.4,539.6,362102438,2
1448.7,536.0,362102452,2
1425.7,496.0,362102466,2
1445.8,495.2,362102498,2
1436.4,481.8,362102510,2
1451.4,482.5,362102528,2
1451.5,510.7,362102543,2
1437.7,519.9,362102556,2
1435.8,530.6,362102572,2
1415.6,607.9,362102587,2
1418.4,597.7,362102599,2
1413.5,613.2,362102620,2
1418.6,591.2,362102647,2
1418.6,601.6,362102663,2
1406.3,632.8,362102680,2
1398.0,643.5,362102691,2
1391.8,680.9,362102708,2
1402.0,672.3,362102723,2
1430.0,610.4,362102734,2
1407.5,649.4,362102753,2
1408.0,650.1,362102769,2
1257.8,770.1,362102798,2
1281.2,885.4,362102825,2
1270.1,865.2,362102870,2
1289.4,924.7,362102914,2
1291.5,1245.9,362102960,2
1179.0,1126.4,362103005,2
1464.4,430.4,362103426,2
1500.0,452.8,362103442,2
1500.0,452.8,362103454,2
1492.5,467.0,362103474,2
1453.6,546.5,362103487,2
1447.0,548.0,362103500,2
1460.3,467.7,362103516,2
1618.4,574.4,362103652,2
1647.8,674.8,362103667,2
1645.7,487.3,362103698,2
1642.2,447.8,362103712,2
1619.9,458.4,362103726,2
1597.1,499.9,362103742,2
1576.4,515.2,362103758,2
1572.9,528.3,362103772,2
1567.3,567.3,362103788,2
1556.8,564.0,362103805,2
1554.1,553.1,362103814,2
1551.7,543.4,362103849,2
1548.9,532.0,362103859,2
1548.4,532.0,362103876,2
1563.5,553.1,362103893,2
1569.8,560.1,362103905,2
1588.0,564.4,362103922,2
1603.0,558.3,362103939,2
1593.4,560.6,362103951,2
1605.0,566.8,362103968,2
1584.4,611.7,362103995,2
1583.5,646.5,362104012,2
1596.4,654.7,362104027,2
1577.2,669.0,362104039,2
1503.6,747.2,362104072,2
1478.6,768.5,362104085,2
1419.9,810.0,362104102,2
1417.4,809.4,362104117,2
1411.1,807.9,362104148,2
1418.0,807.2,362104162,2
1441.6,784.6,362104175,2
1512.6,712.9,362104192,2
1508.9,711.4,362104207,2
1513.1,706.3,362104221,2
1594.5,636.9,362104252,2
1581.0,647.8,362104263,2
1581.8,634.2,362104299,2
1566.2,632.3,362104310,2
1515.9,725.7,362104327,2
1514.8,727.6,362104342,2
1484.3,690.4,362104355,2
1498.6,720.5,362104373,2
1493.2,678.2,362104389,2
1477.1,674.1,362104400,2
1470.6,658.2,362104417,2
1457.2,699.2,362104444,2
1420.1,758.4,362104476,2
1372.7,856.4,362104491,2
1327.0,931.5,362104524,2
1337.9,923.5,362104534,2
1360.8,884.6,362104567,2
1394.2,792.6,362104599,2
1443.8,685.5,362104613,2
1455.9,615.4,362104625,2
1462.9,617.5,362104644,2
1461.9,618.1,362104657,2
1468.4,601.5,362104671,2
1474.3,585.7,362104688,2
1487.7,566.2,362104704,2
1532.3,509.2,362104715,2
1548.6,475.6,362104749,2
1503.5,473.0,362104760,2
1488.7,486.6,362104778,2
1484.7,490.3,362104792,2
1483.2,500.9,362104805,2
1473.3,500.3,362104824,2
1457.2,502.4,362104838,2
1458.6,501.0,362104851,2
1454.4,502.2,362104868,2
1351.7,512.1,362104928,2
1330.3,566.4,362104957,2
1357.0,587.8,362104972,2
1403.3,631.1,362105002,2
1388.8,629.3,362105017,2
1393.8,602.2,362105047,2
1377.6,603.3,362105092,2
1373.7,612.1,362105107,2
1358.0,637.8,362105137,2
1357.3,639.7,362105151,2
1380.6,627.8,362105197,2
1440.7,591.1,362105211,2
1435.5,568.2,362105227,2
1423.9,552.0,362105243,2
1418.8,557.8,362105256,2
1411.6,563.0,362105272,2
1405.4,583.5,362105288,2
1419.4,575.9,362105300,2
1408.5,582.5,362105318,2
1425.1,578.4,362105347,2
1413.2,592.0,362105363,2
1412.1,596.0,362105376,2
1403.2,627.8,362105421,2
1435.2,563.8,362105452,2
1430.7,564.6,362105467,2
1427.9,554.6,362105498,2
1405.7,548.5,362105525,2
1382.6,538.9,362105542,2
1383.7,537.7,362105571,2
1384.4,537.0,362105586,2
1414.4,489.0,362105615,2
1412.9,543.0,362105649,2
1413.9,584.0,362105676,2
1451.8,540.4,362105693,2
1460.6,520.4,362105706,2
1461.0,523.4,362105722,2
1539.9,590.5,362106142,2
1479.0,579.6,362106172,2
1472.8,568.0,362106187,2
1469.5,561.9,362106201,2
1472.8,567.4,362106217,2
1422.5,523.0,362106246,2
1423.5,467.4,362106261,2
1428.8,472.7,362106277,2
1498.5,474.8,362106290,2
1513.5,500.1,362106307,2
1512.2,502.0,362106334,2
1504.5,505.2,362106366,2
1507.3,498.9,362106398,2
1507.6,500.5,362106412,2
1509.0,511.3,362106426,2
1579.2,516.9,362106443,2
1579.8,515.7,362106457,2
1563.3,505.7,362106470,2
1522.9,521.2,362106487,2
1518.1,530.8,362106502,2
1549.0,530.0,362106516,2
1545.7,532.1,362106549,2
1547.3,511.6,362106560,2
1559.9,523.2,362106577,2
1567.9,518.6,362106591,2
1583.0,520.1,362106605,2
1585.6,519.4,362106623,2
1561.8,550.7,362106638,2
1551.2,566.6,362106650,2
1544.9,555.0,362106667,2
1523.3,586.4,362106697,2
1466.0,679.5,362106712,2
1456.4,699.2,362106726,2
1464.8,703.6,362106740,2
1519.6,663.7,362106772,2
1537.8,656.6,362106784,2
1548.5,648.1,362106816,2
1558.8,631.7,362106864,2
1565.1,627.8,362106873,2
1517.5,605.0,362106919,2
1389.6,634.4,362106963,2
1423.7,793.5,362107009,2
1452.3,802.6,362107041,2
1454.2,806.7,362107054,2
1237.0,816.3,362107101,2
1325.5,818.5,362107117,2
1289.4,817.9,362107148,2
1273.8,835.3,362107164,2
1343.0,877.4,362107189,2
1358.6,888.0,362107235,2
1203.8,943.3,362107266,2
1175.6,958.4,362107297,2
1208.5,950.2,362107312,2
1214.5,944.7,362107323,2
1222.8,908.4,362107341,2
1221.0,919.3,362107359,2
1238.1,895.2,362107372,2
1288.7,782.8,362107387,2
1285.2,777.2,362107403,2
1303.8,741.0,362107415,2
1179.2,869.8,362107448,2
1203.7,834.5,362107461,2
1273.2,774.2,362107477,2
1451.3,591.3,362107491,2
1350.7,686.7,362107506,2
1337.8,696.1,362107540,2
1364.1,675.4,362107550,2
1331.9,730.9,362107568,2
1280.9,842.4,362107596,2
1348.5,744.7,362107611,2
1320.9,875.0,362107629,2
1321.2,1016.6,362107672,2
1431.4,705.1,362108121,2
1181.3,854.0,362108199,2
1180.9,861.7,362108211,2
1179.6,860.3,362108256,2
1179.7,861.4,362108269,2
1220.2,877.0,362108302,2
1167.8,936.4,362108347,2
1193.2,939.3,362108358,2
1191.1,960.2,362108376,2
1240.6,931.0,362108391,2
1283.4,922.2,362108404,2
1357.4,884.7,362108424,2
1419.8,833.2,362108437,2
1414.5,837.2,362108448,2
1396.5,856.3,362108494,2
1470.5,797.8,362108526,2
1500.7,809.9,362108572,2
1500.5,804.8,362108584,2
1517.8,768.4,362108618,2
1553.5,706.6,362108662,2
1539.3,727.6,362108674,2
1593.4,624.4,362108693,2
1591.4,633.1,362108709,2
1578.8,663.5,362108719,2
1575.0,679.3,362108739,2
1509.3,747.8,362108753,2
1483.2,774.4,362108764,2
1514.2,755.4,362108798,2
1511.5,765.9,362108809,2
1416.4,827.0,362108827,2
1426.3,817.0,362108843,2
1428.7,813.6,362108854,2
1424.3,817.6,362108872,2
1418.9,831.6,362108887,2
1416.9,838.5,362108901,2
1418.3,849.2,362108917,2
1405.1,879.4,362108947,2
1402.1,884.8,362108962,2
1375.5,855.5,362108977,2
1370.1,856.6,362108989,2
1363.1,872.4,362109006,2
1367.5,872.2,362109021,2
1359.5,858.9,362109034,2
1331.0,863.6,362109067,2
1248.1,894.7,362109098,2
1247.8,898.7,362109114,2
1255.0,902.9,362109123,2
1247.5,903.4,362109157,2
1254.3,899.4,362109170,2
1253.2,901.2,362109189,2
1250.1,902.7,362109202,2
1218.3,878.9,362109247,2
1225.1,879.7,362109261,2
1209.1,879.1,362109276,2
1173.6,864.0,362109323,2
1140.0,876.1,362109367,2
1218.2,664.6,362109411,2
1252.5,629.6,362109427,2
1276.6,665.7,362109456,2
1335.1,716.1,362109474,2
1430.3,710.7,362109484,2
1490.2,677.1,362109504,2
1514.4,668.4,362109520,2
1531.2,666.8,362109592,2
1459.9,709.1,362109637,2
1461.8,731.4,362109664,2
1508.1,624.8,362109711,2
1546.9,570.4,362109728,2
1666.3,484.1,362109754,2
1729.9,459.9,362109771,2
1737.7,453.0,362109799,2
1755.5,440.8,362109847,2
1753.5,440.6,362109877,2
1722.6,592.0,362109921,2
1731.3,561.8,362109935,2
1566.2,466.3,362110000,2
1542.5,495.2,362110016,2
1660.0,503.1,362110026,2
1651.5,521.7,362110045,2
1594.5,520.4,362110060,2
1589.9,477.5,362110088,2
1593.5,506.6,362110102,2
1658.0,490.2,362110148,2
1652.8,522.3,362110159,2
1682.8,553.7,362110193,2
1705.2,564.9,362110237,2
1639.2,535.0,362110267,2
1700.2,496.5,362110296,2
1754.4,481.2,362110312,2
1727.7,452.0,362110328,2
1763.3,431.9,362110339,2
1693.1,465.3,362110357,2
1676.1,461.8,362110373,2
1648.7,513.3,362110385,2
1626.6,520.5,362110402,2
1613.4,516.9,362110417,2
1579.6,524.4,362110450,2
1571.8,536.5,362110463,2
1562.2,546.6,362110475,2
1476.3,543.1,362110492,2
1506.0,527.3,362110507,2
1500.7,529.4,362110537,2
1511.6,526.1,362110552,2
1509.7,494.1,362110563,2
1509.2,513.1,362110599,2
1516.3,488.3,362110611,2
1539.0,462.7,362110626,2
1542.6,463.5,362110645,2
1547.4,459.0,362110655,2
1555.8,451.1,362110689,2
1555.5,444.9,362110700,2
1552.7,432.3,362110719,2
1532.7,445.2,362110749,2
1526.7,446.8,362110762,2
1551.7,401.1,362110777,2
1525.4,431.6,362110789,2
1488.2,470.5,362110806,2
1429.7,526.6,362110822,2
1420.3,550.9,362110834,2
1434.8,549.9,362110852,2
1388.5,588.6,362110868,2
1432.0,561.0,362110897,2
1502.0,508.2,362110912,2
1504.8,500.8,362110924,2
1377.0,570.6,362110958,2
1375.2,571.4,362110970,2
1410.4,540.3,362110987,2
1372.0,568.9,362111003,2
1405.2,537.7,362111015,2
1397.6,551.7,362111049,2
1420.0,526.2,362111059,2
1409.1,546.7,362111078,2
1446.8,516.3,362111093,2
1455.1,517.4,362111106,2
1411.7,555.9,362111123,2
1441.8,531.2,362111138,2
1431.1,542.2,362111150,2
1484.8,515.1,362111167,2
1518.4,499.2,362111195,2
1533.3,504.4,362111212,2
1532.6,506.0,362111228,2
1528.8,513.6,362111240,2
1499.3,591.1,362111257,2
1490.6,611.0,362111273,2
1508.2,592.0,362111285,2
1506.3,596.7,362111305,2
1504.5,590.2,362111317,2
1471.4,568.7,362111347,2
1493.8,549.9,362111362,2
1506.1,500.3,362111393,2
1556.0,539.7,362111409,2
1617.1,306.4,362111841,2
1490.5,644.4,362111857,2
1494.2,546.5,362111869,2
1487.0,455.1,362111886,2
1469.9,437.7,362111903,2
1464.6,433.7,362111915,2
1437.2,611.7,362111949,2
1441.2,593.2,362111960,2
1447.4,570.2,362111978,2
1453.8,555.5,362111993,2
1467.5,506.3,362112003,2
1478.2,471.9,362112021,2
1479.9,470.9,362112036,2
1486.4,475.7,362112049,2
1489.3,474.1,362112067,2
1500.0,480.1,362112095,2
1517.6,482.7,362112112,2
1516.3,509.3,362112128,2
1516.3,533.2,362112138,2
1526.9,505.1,362112156,2
1515.5,550.3,362112173,2
1508.3,577.9,362112185,2
1515.1,554.4,362112202,2
1536.1,483.0,362112217,2
1483.3,615.4,362112264,2
1492.4,589.0,362112275,2
1502.4,546.7,362112294,2
1500.1,553.5,362112307,2
1503.8,543.1,362112320,2
1491.7,526.3,362112337,2
1501.1,510.1,362112352,2
1494.6,512.5,362112365,2
1480.2,556.7,362112399,2
1485.2,537.3,362112410,2
1490.7,517.3,362112426,2
1485.1,528.4,362112445,2
1497.2,493.7,362112454,2
1491.6,524.7,362112472,2
1487.3,542.4,362112489,2
1511.5,517.8,362112499,2
1511.0,547.2,362112517,2
1519.3,559.2,362112545,2
1530.4,530.8,362112562,2
1518.8,532.8,362112576,2
1518.9,529.1,362112589,2
1541.6,494.9,362112607,2
1513.7,501.7,362112623,2
1481.6,469.9,362112634,2
1497.0,491.1,362112670,2
1484.0,440.5,362112698,2
1488.3,405.5,362112713,2
1487.2,432.3,362112743,2
1515.2,518.7,362112757,2
1502.1,540.0,362112771,2
1499.3,545.9,362112787,2
1499.1,558.7,362112802,2
1502.4,549.7,362112814,2
1498.8,563.1,362112849,2
1496.3,548.0,362112861,2
1494.2,507.2,362112877,2
1472.0,564.4,362112893,2
1480.0,538.1,362112921,2
1475.9,555.0,362112937,2
1489.6,529.7,362112950,2
1489.5,554.8,362112968,2
1499.4,524.2,362112997,2
1482.0,561.3,362113011,2
1487.9,538.8,362113028,2
1499.1,501.1,362113038,2
1501.2,498.1,362113057,2
1487.1,521.1,362113072,2
1493.9,528.7,362113101,2
1479.8,564.9,362113118,2
1480.1,547.9,362113148,2
1519.3,511.8,362113164,2
1493.4,584.2,362113193,2
1465.1,637.7,362113208,2
1468.1,630.5,362113220,2
1458.6,626.6,362113236,2
1454.3,629.7,362113251,2
1458.6,532.5,362113263,2
1455.5,530.3,362113299,2
1461.4,521.9,362113309,2
1453.6,569.7,362113327,2
1444.6,591.7,362113343,2
1452.1,582.9,362113354,2
1467.4,563.3,362113372,2
1454.0,588.6,362113387,2
1457.9,583.7,362113399,2
1433.1,594.7,362113418,2
1442.9,564.4,362113446,2
1447.0,552.3,362113461,2
1472.8,498.1,362113478,2
1474.6,485.8,362113489,2
1470.2,486.2,362113509,2
1423.3,574.4,362113522,2
1397.3,613.2,362113551,2
1437.3,527.8,362113568,2
1433.7,537.8,362113601,2
1438.8,520.8,362113613,2
1481.4,526.6,362113625,2
1419.2,579.2,362113658,2
1412.5,597.9,362113670,2
1453.7,577.5,362113688,2
1426.2,588.1,362113702,2
1426.9,559.2,362113714,2
1406.2,561.6,362113748,2
1419.8,537.5,362113759,2
1387.6,534.1,362113777,2
1386.0,532.2,362113792,2
1381.3,539.5,362113822,2
1380.2,550.5,362113838,2
1398.8,538.7,362113849,2
1392.7,556.0,362113867,2
1421.7,538.6,362113896,2
1394.6,543.4,362113911,2
1396.9,542.1,362113927,2
1409.2,535.2,362113939,2
1425.5,530.0,362113956,2
1401.0,531.9,362113974,2
1393.4,532.8,362113984,2
1338.8,563.6,362114019,2
1355.1,569.3,362114062,2
1351.3,569.9,362114074,2
1270.8,502.5,362114091,2
1217.3,506.5,362114108,2
911.0,385.9,362114198,2
1446.7,549.4,362114602,2
1495.8,457.7,362114650,2
1473.1,466.2,362114658,2
1462.1,445.0,362114676,2
1468.4,440.6,362114692,2
1450.5,438.9,362114704,2
1435.5,430.9,362114723,2
1441.9,438.9,362114737,2
1441.5,436.7,362114750,2
1444.7,437.8,362114766,2
1448.3,449.7,362114796,2
1461.2,450.4,362114813,2
1493.1,459.5,362114839,2
1495.5,458.9,362114856,2
1491.9,470.6,362114874,2
1489.2,475.3,362114884,2
1474.9,481.3,362114902,2
1470.9,484.4,362114916,2
1469.9,483.3,362114947,2
1470.8,479.3,362114962,2
1481.9,485.6,362114975,2
1510.0,404.1,362114991,2
1507.3,387.0,362115008,2
1506.7,442.0,362115020,2
1499.1,461.1,362115037,2
1530.0,505.5,362115052,2
1531.3,490.7,362115065,2
1537.9,502.0,362115098,2
1534.1,496.0,362115109,2
1549.3,498.9,362115127,2
1520.0,458.2,362115143,2
1507.6,463.3,362115155,2
1504.9,460.4,362115172,2
1506.7,462.5,362115187,2
1513.2,465.7,362115199,2
1525.3,469.0,362115217,2
1523.4,476.4,362115246,2
1524.4,503.4,362115263,2
1521.5,507.1,362115276,2
1517.9,509.3,362115290,2
1511.7,497.5,362115306,2
1509.3,497.7,362115323,2
1509.5,496.6,362115351,2
1522.3,466.4,362115367,2
1516.3,487.0,362115397,2
1540.7,496.8,362115412,2
1557.6,515.5,362115424,2
1536.3,569.2,362115442,2
1528.6,563.9,362115457,2
1508.3,508.1,362115469,2
1508.0,505.7,362115486,2
1509.7,505.8,362115502,2
1511.1,500.1,362115514,2
1481.1,556.1,362115550,2
1514.4,526.1,362115579,2
1511.6,553.5,362115593,2
1497.6,616.8,362115622,2
1481.1,620.0,362115636,2
1505.7,558.2,362115667,2
1482.4,585.1,362115696,2
1487.0,547.1,362115713,2
1511.0,530.9,362115729,2
1502.9,552.0,362115742,2
1489.2,604.6,362115756,2
1489.3,611.0,362115774,2
1505.2,562.3,362115784,2
1508.8,578.3,362115802,2
1515.6,564.1,362115817,2
1528.2,554.6,362115848,2
1491.7,558.0,362115864,2
1498.8,542.0,362115875,2
1488.6,509.7,362115892,2
1457.9,552.9,362115910,2
1484.6,528.5,362115919,2
1484.0,528.5,362115937,2
1463.4,574.2,362115952,2
1471.6,552.8,362115964,2
1459.8,581.2,362115998,2
1481.5,540.7,362116010,2
1482.3,537.1,362116027,2
1484.5,539.9,362116042,2
1478.5,555.9,362116053,2
1466.9,570.4,362116073,2
1493.4,547.2,362116087,2
1480.3,560.5,362116099,2
1486.1,567.8,362116116,2
1505.2,562.6,362116146,2
1531.2,558.3,362116162,2
1544.2,557.8,362116176,2
1573.6,561.4,362116190,2
1582.6,556.9,362116209,2
1584.5,555.9,362116224,2
1571.8,546.8,362116234,2
1582.7,548.4,362116251,2
1577.9,544.0,362116266,2
1569.1,536.0,362116299,2
1572.2,536.2,362116312,2
1576.8,537.3,362116325,2
1585.9,567.4,362116342,2
1590.8,570.7,362116360,2
1585.8,581.5,362116369,2
1585.0,588.7,362116387,2
1584.2,585.2,362116402,2
1632.6,574.1,362116415,2
1615.2,565.4,362116450,2
1603.7,558.2,362116459,2
1592.3,548.7,362116477,2
1598.8,538.9,362116492,2
1595.7,545.2,362116504,2
1601.1,546.4,362116521,2
1598.6,561.2,362116537,2
1598.5,561.9,362116548,2
1601.7,563.0,362116566,2
1600.0,564.0,362116595,2
1600.9,563.1,362116612,2
1600.6,563.0,362116627,2
1602.3,555.3,362116639,2
1593.5,570.6,362116656,2
1507.3,691.8,362116673,2
1530.0,659.6,362116684,2
1552.6,624.8,362116701,2
1535.4,650.2,362116717,2
1533.3,643.5,362116748,2
1540.5,672.5,362116764,2
1549.1,653.5,362116775,2
1554.3,632.5,362116791,2
1565.2,588.8,362116808,2
1574.4,556.0,362116818,2
1581.2,532.9,362116837,2
1572.5,565.7,362116851,2
1573.8,564.8,362116864,2
1583.7,552.4,362116899,2
1575.1,546.6,362116909,2
1569.0,554.9,362116929,2
1539.1,622.8,362116943,2
1540.5,619.8,362116953,2
1521.6,647.6,362116974,2
1523.4,643.6,362116987,2
1535.4,617.4,362116998,2
1506.2,640.3,362117017,2
1524.9,589.0,362117046,2
1503.2,608.7,362117062,2
1508.7,586.3,362117080,2
1533.1,551.0,362117089,2
1481.3,511.0,362117106,2
1483.5,507.5,362117121,2
1470.9,501.2,362117134,2
1492.9,503.9,362117152,2
1495.8,498.4,362117168,2
1510.5,463.0,362117198,2
1509.9,463.1,362117212,2
1509.7,467.4,362117224,2
1540.1,520.3,362117244,2
1519.2,520.8,362117257,2
1503.6,482.3,362117271,2
1501.4,473.7,362117302,2
1482.2,434.4,362117316,2
1500.3,498.1,362117350,2
1501.0,497.7,362117360,2
1504.7,500.3,362117377,2
1501.7,502.6,362117392,2
1502.4,510.1,362117404,2
1503.2,509.8,362117421,2
1508.3,507.5,362117437,2
1508.9,509.3,362117449,2
1544.8,499.5,362117466,2
1523.3,495.1,362117495,2
1534.7,475.7,362117511,2
1547.8,485.0,362117528,2
1551.5,497.1,362117539,2
1551.5,507.8,362117556,2
1546.5,494.8,362117572,2
1539.5,538.7,362117584,2
1551.6,526.5,362117602,2
1562.0,509.7,362117616,2
1569.5,521.8,362117650,2
1555.2,577.5,362117662,2
1556.3,556.2,362117676,2
1564.6,496.1,362117692,2
1539.8,592.2,362117709,2
1541.7,587.0,362117720,2
1526.8,594.6,362117736,2
1551.9,541.9,362117754,2
1545.8,545.1,362117765,2
1557.3,523.1,362117799,2
1566.7,511.7,362117808,2
1548.1,536.6,362117828,2
1537.7,537.0,362117843,2
1492.7,597.9,362117873,2
1498.5,592.0,362117887,2
1515.6,562.0,362117898,2
1526.2,549.8,362117945,2
1538.7,526.6,362117963,2
1538.9,525.6,362117977,2
1539.5,522.6,362117989,2
1546.4,486.7,362118006,2
1546.5,484.1,362118023,2
1547.8,482.7,362118034,2
1561.7,473.7,362118051,2
1560.2,477.1,362118068,2
1535.4,544.4,362118112,2
1528.0,564.1,362118124,2
1545.0,499.5,362118141,2
1548.5,482.7,362118156,2
1554.7,496.7,362118169,2
1556.7,493.3,362118186,2
1553.5,495.8,362118201,2
1521.1,551.4,362118247,2
1497.9,608.1,362118261,2
1488.6,609.4,362118279,2
1484.9,619.9,362118293,2
1530.5,550.1,362118303,2
1535.4,540.4,362118321,2
1520.4,572.6,362118337,2
1522.6,568.7,362118349,2
1532.1,540.1,362118367,2
1531.8,531.5,362118396,2
1525.6,527.4,362118411,2
1522.6,522.4,362118428,2
1541.8,484.5,362118439,2
1528.1,510.5,362118457,2
1533.4,469.0,362118473,2
1532.0,474.5,362118485,2
1531.9,481.2,362118516,2
1488.8,514.9,362118547,2
1439.1,558.9,362118562,2
1428.6,567.0,362118575,2
1434.1,560.0,362118594,2
1436.7,558.1,362118607,2
1434.6,559.7,362118619,2
1449.5,553.2,362118638,2
1453.5,554.6,362118653,2
1476.6,495.0,362118663,2
1481.7,487.9,362118699,2
1520.3,467.1,362118728,2
1538.7,634.6,362119147,2
1655.3,464.6,362119176,2
1620.8,452.7,362119204,2
1547.1,584.1,362119236,2
1502.7,665.2,362119248,2
1506.9,641.5,362119268,2
1502.5,633.2,362119296,2
1486.3,632.4,362119312,2
1490.5,591.3,362119327,2
1492.2,571.2,362119340,2
1492.2,560.9,362119356,2
1520.7,539.0,362119371,2
1512.8,532.8,362119384,2
1470.4,580.9,362119402,2
1482.4,563.2,362119416,2
1519.3,533.7,362119448,2
1528.8,524.1,362119461,2
1531.5,514.2,362119473,2
1559.4,526.2,362119491,2
1558.2,527.9,362119509,2
1546.3,545.3,362119518,2
1574.6,530.7,362119536,2
1551.1,567.3,362119551,2
1527.5,598.8,362119564,2
1550.0,629.1,362119598,2
1558.4,594.1,362119609,2
1554.5,593.1,362119629,2
1555.5,591.5,362119643,2
1556.3,597.5,362119653,2
1611.1,541.6,362119671,2
1610.4,540.3,362119686,2
1584.5,532.0,362119699,2
1579.8,510.6,362119716,2
1579.5,512.6,362119746,2
1572.1,523.9,362119761,2
1538.4,558.7,362119777,2
1516.6,580.5,362119789,2
1515.8,580.1,362119806,2
1520.0,575.2,362119823,2
1538.5,552.8,362119834,2
1562.4,530.9,362119851,2
1547.5,550.1,362119867,2
1564.6,524.5,362119897,2
1564.4,513.5,362119911,2
1560.4,520.1,362119924,2
1525.5,576.0,362119942,2
1525.8,583.4,362119959,2
1549.7,535.6,362119968,2
1550.9,529.6,362119987,2
1503.2,614.8,362120002,2
1513.6,606.5,362120015,2
1553.5,541.3,362120047,2
1561.0,536.0,362120060,2
1508.5,623.5,362120078,2
1514.4,612.1,362120093,2
1547.3,551.9,362120103,2
1558.1,521.2,362120122,2
1563.9,508.8,362120140,2
1567.3,503.4,362120148,2
1556.6,525.3,362120167,2
1581.5,516.4,362120196,2
1611.8,528.9,362120213,2
1617.6,537.6,362120226,2
1611.6,538.4,362120239,2
1608.7,533.3,362120258,2
1594.9,520.6,362120272,2
1591.4,508.1,362120284,2
1590.8,492.7,362120302,2
1593.7,490.8,362120317,2
1592.9,488.5,362120347,2
1597.1,497.2,362120365,2
1588.4,500.2,362120373,2
1561.3,502.4,362120392,2
1558.6,499.7,362120408,2
1549.2,501.8,362120419,2
1548.8,505.5,362120436,2
1548.5,503.4,362120451,2
1548.4,501.5,362120464,2
1549.2,501.3,362120497,2
1548.9,501.1,362120509,2
1514.7,515.1,362120526,2
1488.3,609.5,362120543,2
1486.6,613.4,362120553,2
1472.7,628.1,362120572,2
1490.4,565.3,362120586,2
1483.1,570.6,362120599,2
1481.8,564.7,362120616,2
1506.3,519.6,362120646,2
1517.2,508.2,362120662,2
1517.1,509.3,362120677,2
1516.5,524.0,362120691,2
1536.1,539.8,362120708,2
1547.4,540.5,362120721,2
1556.8,540.4,362120752,2
1559.7,537.7,362120766,2
1576.8,528.1,362120799,2
1576.3,530.9,362120812,2
1578.9,529.2,362120823,2
1579.7,532.4,362120841,2
1584.2,528.6,362120858,2
1583.9,529.3,362120868,2
1580.4,530.8,362120887,2
1577.1,532.6,362120901,2
1575.7,537.7,362120914,2
1569.5,561.4,362120947,2
1534.2,646.8,362120959,2
1529.3,659.2,362120976,2
1531.2,649.3,362120993,2
1548.7,594.2,362121005,2
1561.3,557.4,362121023,2
1558.9,570.8,362121038,2
1555.2,588.5,362121048,2
1519.0,636.3,362121066,2
1547.0,585.1,362121094,2
1515.8,653.7,362121111,2
1518.2,630.0,362121127,2
1531.2,621.0,362121139,2
1559.4,572.1,362121157,2
1532.6,625.6,362121171,2
1528.1,632.0,362121184,2
1519.4,647.8,362121203,2
1515.8,646.5,362121218,2
1536.9,593.0,362121248,2
1525.4,596.0,362121264,2
1526.5,578.7,362121274,2
1553.3,536.7,362121291,2
1558.1,531.4,362121308,2
1563.9,521.9,362121320,2
1556.9,531.0,362121338,2
1556.8,532.3,362121354,2
1540.7,538.9,362121364,2
1536.9,542.5,362121398,2
1488.2,649.6,362121409,2
1477.3,656.5,362121426,2
1464.6,669.3,362121442,2
1471.2,642.6,362121455,2
1449.9,653.6,362121472,2
1447.8,658.7,362121488,2
1461.0,636.8,362121498,2
1507.3,619.3,362121517,2
1576.9,587.3,362121547,2
1502.3,657.7,362121578,2
1517.5,637.3,362121589,2
1464.6,671.6,362121608,2
1479.6,619.0,362121622,2
1487.2,592.8,362121633,2
1557.0,570.0,362121652,2
1571.9,567.2,362121667,2
1473.7,655.6,362121699,2
1473.3,656.1,362121711,2
1472.6,656.0,362121724,2
1453.5,669.1,362121742,2
1444.7,678.8,362121757,2
1450.5,649.5,362121769,2
1448.9,644.1,362121787,2
1439.4,668.8,362121803,2
1480.9,618.5,362121813,2
1478.7,633.6,362121849,2
1465.1,714.7,362121859,2
1466.0,718.0,362121877,2
1457.6,688.2,362121893,2
1455.6,675.6,362121905,2
1452.1,702.7,362121921,2
1482.1,630.2,362121937,2
1499.8,661.3,362121949,2
1497.9,623.7,362121967,2
1373.2,787.3,362122372,2
1752.2,226.2,362122416,2
1646.5,263.6,362122445,2
1528.7,367.3,362122460,2
1504.0,482.0,362122477,2
1521.4,465.4,362122488,2
1486.1,443.5,362122506,2
1506.6,405.7,362122521,2
1445.0,467.8,362122534,2
1427.0,475.1,362122551,2
1451.6,495.7,362122569,2
1445.0,493.6,362122611,2
1448.5,496.3,362122624,2
1433.6,486.9,362122658,2
1427.9,487.4,362122668,2
1476.5,507.5,362122687,2
1495.2,506.3,362122701,2
1496.2,485.9,362122714,2
1499.6,484.9,362122759,2
1511.6,509.4,362122776,2
1507.3,523.2,362122792,2
1507.0,524.4,362122803,2
1506.4,523.6,362122823,2
1505.1,493.2,362122849,2
1505.5,478.0,362122894,2
1503.3,484.5,362122917,2
1493.8,502.9,362122928,2
1484.5,652.6,362122975,2
1504.9,519.1,362122984,2
1490.6,534.2,362123004,2
1472.8,629.2,362123016,2
1433.6,707.0,362123062,2
1467.5,603.0,362123076,2
1462.2,611.8,362123094,2
1447.6,662.3,362123107,2
1446.7,660.7,362123118,2
1477.5,598.5,362123139,2
1515.8,521.3,362123165,2
1550.2,457.8,362123209,2
1546.3,458.6,362123227,2
1522.1,480.9,362123241,2
1454.1,547.7,362123273,2
1445.7,560.1,362123288,2
1459.3,552.0,362123299,2
1468.4,551.7,362123317,2
1484.5,539.7,362123347,2
1503.1,526.6,362123362,2
1515.0,519.4,362123377,2
1513.2,514.1,362123389,2
1512.5,480.6,362123406,2
1512.9,508.0,362123422,2
1536.8,511.9,362123434,2
1523.3,497.2,362123452,2
1474.6,586.8,362123466,2
1469.4,596.3,362123497,2
1469.9,572.2,362123511,2
1425.3,506.8,362123523,2
1424.4,515.8,362123542,2
1420.8,529.8,362123557,2
1465.5,533.8,362123589,2
1482.1,537.0,362123602,2
1471.3,523.2,362123613,2
1507.7,530.7,362123647,2
1499.6,526.8,362123659,2
1468.1,514.3,362123676,2
1463.6,515.7,362123692,2
1469.9,523.1,362123704,2
1612.7,474.4,362123738,2
1612.8,479.5,362123749,2
1512.0,512.9,362123766,2
1522.2,473.4,362123794,2
1492.3,569.3,362123810,2
1516.6,607.7,362123826,2
1516.3,597.0,362123858,2
1648.1,664.8,362123974,2
1615.2,499.7,362124035,2
1582.5,456.7,362124063,2
1590.5,469.6,362124098,2
1596.4,478.1,362124111,2
1619.8,496.8,362124125,2
1623.1,508.4,362124142,2
1611.6,513.2,362124155,2
1602.6,494.3,362124172,2
1605.4,495.0,362124186,2
1606.9,494.2,362124198,2
1604.0,524.7,362124216,2
1595.1,560.5,362124245,2
1587.1,604.8,362124262,2
1597.6,607.0,362124277,2
1617.4,621.1,362124291,2
1623.3,607.7,362124306,2
1628.5,583.0,362124322,2
1625.2,578.8,362124334,2
1608.6,585.2,362124352,2
1606.6,561.7,362124367,2
1571.3,594.8,362124397,2
1592.4,546.3,362124411,2
1596.1,544.3,362124423,2
1583.8,540.8,362124442,2
1589.1,546.1,362124459,2
1576.4,577.5,362124468,2
1579.8,570.6,362124487,2
1581.0,573.2,362124502,2
1578.1,580.7,362124513,2
1501.5,761.8,362124550,2
1525.4,708.5,362124564,2
1492.3,790.0,362124576,2
1510.6,745.0,362124592,2
1526.0,706.3,362124607,2
1497.1,730.9,362124624,2
1503.0,722.3,362124639,2
1503.6,717.4,362124648,2
1496.6,718.4,362124669,2
1480.6,735.2,362124696,2
1475.8,739.1,362124711,2
1476.1,738.9,362124727,2
1481.5,730.3,362124739,2
1482.7,723.5,362124757,2
1481.2,721.7,362124774,2
1432.0,797.7,362124786,2
1458.8,757.4,362124801,2
1477.2,742.2,362124819,2
1573.5,567.9,362124847,2
1555.7,597.2,362124863,2
1537.1,628.0,362124874,2
1510.9,668.1,362124894,2
1495.1,684.9,362124906,2
1515.0,652.9,362124921,2
1428.3,779.2,362124939,2
1459.0,754.6,362124952,2
1475.4,739.4,362124963,2
1460.0,750.8,362124998,2
1452.3,748.8,362125026,2
1453.8,743.4,362125042,2
1451.1,745.8,362125054,2
1536.2,641.2,362125073,2
1510.6,676.7,362125087,2
1516.0,664.6,362125099,2
1489.3,695.2,362125118,2
1431.5,779.7,362125145,2
1474.3,717.8,362125161,2
1457.2,734.9,362125177,2
1437.4,764.2,362125208,2
1516.2,638.3,362125222,2
1531.0,671.8,362125252,2
1531.7,702.0,362125266,2
1530.6,709.3,362125297,2
1491.2,714.4,362125312,2
1485.7,721.3,362125324,2
1422.9,791.2,362125342,2
1456.7,763.3,362125356,2
1467.4,740.5,362125371,2
1471.9,730.7,362125387,2
1488.2,687.9,362125401,2
1487.7,686.2,362125414,2
1485.5,665.9,362125447,2
1500.0,654.1,362125458,2
1544.3,611.8,362125477,2
1544.5,632.0,362125492,2
1480.2,728.3,362125504,2
1477.1,737.5,362125521,2
1479.4,741.3,362125537,2
1480.3,745.2,362125549,2
1479.1,742.5,362125566,2
1514.4,687.5,362125594,2
1556.5,615.4,362125612,2
1561.9,597.2,362125626,2
1555.3,614.3,362125638,2
1528.8,659.4,362125656,2
1479.2,732.4,362125673,2
1482.1,727.8,362125682,2
1479.6,732.1,362125702,2
1472.7,744.0,362125716,2
1487.6,727.1,362125747,2
1491.9,721.4,362125763,2
1487.7,737.1,362125773,2
1499.5,715.6,362125791,2
1501.1,715.4,362125806,2
1473.9,767.6,362125818,2
1465.5,765.7,362125836,2
1474.4,747.2,362125851,2
1492.2,721.6,362125864,2
1512.1,690.1,362125898,2
1530.8,658.0,362125908,2
1528.4,662.2,362125925,2
1564.3,622.4,362125941,2
1554.6,629.0,362125954,2
1570.1,607.8,362125972,2
1558.3,626.2,362125988,2
1525.3,662.6,362126000,2
1518.1,685.4,362126016,2
1498.5,697.0,362126044,2
1518.2,690.5,362126062,2
1513.9,684.5,362126076,2
1514.3,688.6,362126088,2
1460.0,723.9,362126106,2
1457.9,726.9,362126123,2
1453.8,731.8,362126133,2
1461.5,725.3,362126152,2
1476.7,709.0,362126170,2
1460.2,728.1,362126199,2
1461.9,728.5,362126212,2
1462.5,733.5,362126224,2
1465.6,734.4,362126241,2
1484.6,704.9,362126257,2
1489.0,677.9,362126269,2
1491.0,667.0,362126288,2
1493.0,674.3,362126302,2
1497.4,669.1,362126315,2
1491.7,687.9,362126349,2
1498.6,686.6,362126360,2
1508.7,675.6,362126376,2
1481.9,699.4,362126391,2
1485.4,694.1,362126421,2
1521.2,612.4,362126437,2
1492.4,668.2,362126467,2
1573.0,549.7,362126496,2
1583.9,530.1,362126527,2
1580.5,528.4,362126539,2
1574.8,531.6,362126557,2
1571.7,542.1,362126571,2
1564.7,548.8,362126584,2
1562.1,538.9,362126601,2
1559.1,538.3,362126617,2
1560.3,545.1,362126647,2
1556.4,546.9,362126661,2
1554.2,548.4,362126674,2
1553.2,548.1,362126692,2
1553.4,551.7,362126706,2
1557.6,546.3,362126719,2
1556.1,544.7,362126736,2
1550.4,541.8,362126751,2
1552.4,542.1,362126764,2
1551.0,541.8,362126798,2
1541.2,544.7,362126808,2
1525.1,538.0,362126827,2
1527.4,539.0,362126841,2
1508.9,527.4,362126853,2
1509.7,530.3,362126871,2
1505.9,529.7,362126887,2
1498.6,542.2,362126899,2
1496.9,541.8,362126916,2
1499.2,539.1,362126946,2
1506.0,526.9,362126961,2
1510.7,523.6,362126976,2
1511.1,526.6,362126988,2
1519.1,518.6,362127006,2
1519.6,508.1,362127021,2
1518.6,508.6,362127033,2
1509.8,517.9,362127051,2
1500.9,537.2,362127066,2
1501.8,538.4,362127097,2
1501.5,540.0,362127112,2
1506.5,552.7,362127123,2
1508.9,559.8,362127141,2
1509.9,559.8,362127157,2
1513.0,563.8,362127187,2
1508.4,571.2,362127204,2
1494.4,589.4,362127248,2
1493.6,587.3,362127258,2
1539.4,553.0,362127275,2
1545.4,554.0,362127292,2
1521.5,580.7,362127305,2
1474.4,904.7,362127698,2
1532.5,824.4,362127708,2
1462.1,1003.3,362127875,2
1574.5,746.1,362128022,2
1494.2,772.3,362128069,2
1440.6,785.0,362128086,2
1455.7,793.0,362128101,2
1464.0,788.6,362128112,2
1531.2,783.1,362128157,2
1549.4,773.5,362128203,2
1571.9,768.5,362128237,2
1490.8,789.2,362128247,2
1489.4,790.3,362128296,2
1519.3,775.9,362128326,2
1517.8,777.4,362128338,2
1504.0,802.2,362128371,2
1530.6,787.3,362128383,2
1533.2,786.3,362128416,2
1551.4,750.7,362128448,2
1585.6,654.3,362128465,2
1580.1,637.8,362128475,2
1562.1,614.5,362128493,2
1554.2,626.2,362128509,2
1558.4,629.6,362128519,2
1554.6,638.1,362128538,2
1539.3,646.5,362128552,2
1513.7,678.3,362128564,2
1524.9,668.9,362128597,2
1522.7,667.1,362128610,2
1536.0,637.5,362128628,2
1535.6,634.0,362128642,2
1525.1,665.1,362128653,2
1523.2,670.2,362128672,2
1537.7,660.4,362128686,2
1543.9,688.3,362128700,2
1545.9,697.6,362128716,2
1541.7,734.4,362128745,2
1551.9,689.5,362128762,2
1560.4,680.3,362128776,2
1563.4,708.5,362128788,2
1600.9,643.7,362128806,2
1615.5,591.2,362128823,2
1588.5,655.2,362128833,2
1439.8,810.7,362128850,2
1426.1,824.4,362128868,2
1438.5,770.2,362128896,2
1483.7,693.2,362128912,2
1496.1,675.1,362128924,2
1502.3,654.7,362128942,2
1508.9,652.6,362128957,2
1511.4,649.3,362128969,2
1506.2,666.6,362128987,2
1505.7,663.8,362129002,2
1516.9,666.6,362129014,2
1509.3,635.8,362129047,2
1516.7,626.1,362129058,2
1511.9,630.2,362129093,2
1514.1,628.0,362129105,2
1500.5,646.4,362129121,2
1489.4,659.2,362129136,2
1496.2,655.6,362129149,2
1491.1,658.9,362129167,2
1444.0,757.1,362129196,2
1485.7,672.9,362129213,2
1482.7,684.3,362129227,2
1507.6,648.9,362129239,2
1532.1,630.0,362129257,2
1548.9,613.6,362129271,2
1545.6,621.4,362129283,2
1609.2,554.8,362129317,2
1647.5,588.1,362129348,2
1625.7,578.3,362129360,2
1622.9,581.8,362129374,2
1629.3,580.1,362129391,2
1626.6,586.1,362129405,2
1585.2,615.4,362129436,2
1591.7,618.0,362129452,2
1576.7,632.4,362129463,2
1588.3,616.3,362129498,2
1589.1,604.5,362129526,2
1582.6,608.5,362129542,2
1556.7,635.1,362129554,2
1559.1,625.8,362129573,2
1500.8,686.1,362129588,2
1496.9,688.9,362129600,2
1500.4,683.3,362129616,2
1500.8,676.0,362129647,2
1506.0,664.7,362129661,2
1519.0,652.4,362129677,2
1561.0,614.1,362129688,2
1567.4,615.5,362129705,2
1606.4,593.1,362129721,2
1577.3,651.7,362129733,2
1586.8,644.0,362129752,2
1571.9,654.6,362129766,2
1618.4,627.1,362129797,2
1625.2,621.5,362129812,2
1575.3,666.0,362129823,2
1601.6,612.6,362129842,2
1653.3,575.6,362129856,2
1659.5,571.1,362129869,2
1649.4,554.6,362129886,2
1643.7,559.9,362129901,2
1647.0,548.6,362129913,2
1641.4,559.2,362129947,2
1652.4,540.1,362129958,2
1534.9,659.1,362129991,2
1528.2,666.9,362130004,2
1549.8,637.6,362130022,2
1570.9,616.6,362130037,2
1596.7,589.5,362130048,2
1627.6,556.1,362130066,2
1640.3,526.9,362130096,2
1632.7,515.1,362130112,2
1580.3,600.3,362130127,2
1603.7,577.8,362130139,2
1618.1,551.6,362130155,2
1589.1,625.8,362130172,2
1567.9,673.7,362130186,2
1573.1,651.7,362130201,2
1542.8,658.9,362130217,2
1542.4,628.1,362130247,2
1529.4,627.0,362130262,2
1535.5,600.9,362130274,2
1553.1,576.8,362130290,2
1546.3,640.7,362130307,2
1557.8,616.6,362130319,2
1564.4,601.0,362130337,2
1555.7,620.1,362130351,2
1563.3,590.1,362130365,2
1556.8,592.3,362130397,2
1569.5,560.8,362130409,2
1525.1,637.6,362130442,2
1556.8,567.6,362130454,2
1539.8,599.2,362130471,2
1519.8,654.9,362130489,2
1529.2,626.2,362130498,2
1525.6,617.7,362130516,2
1547.0,585.3,362130546,2
1551.9,579.1,362130563,2
1520.1,622.6,362130578,2
1509.6,635.1,362130589,2
1585.8,577.4,362130605,2
1574.2,584.1,362130623,2
1537.9,628.2,362130635,2
1526.2,632.7,362130651,2
1529.3,630.8,362130667,2
1502.7,644.6,362130697,2
1515.5,623.4,362130711,2
1516.6,619.5,362130723,2
1510.2,610.3,362130742,2
1508.3,609.6,362130756,2
1510.4,609.8,362130770,2
1511.0,610.0,362130788,2
1517.9,610.3,362130801,2
1525.3,602.0,362130814,2
1531.9,594.3,362130849,2
1552.8,559.7,362130859,2
1554.7,559.3,362130876,2
1549.9,567.5,362130892,2
1538.6,595.8,362130903,2
1548.0,581.7,362130922,2
1545.1,579.5,362130937,2
1553.1,544.4,362130948,2
1551.9,530.0,362130967,2
1555.7,515.8,362131012,2
1552.4,522.3,362131027,2
1549.9,539.6,362131038,2
1566.6,541.0,362131057,2
1567.0,539.6,362131071,2
1568.2,540.3,362131083,2
1558.1,531.6,362131103,2
1552.5,530.4,362131117,2
1542.1,528.7,362131146,2
1535.9,532.8,362131161,2
1545.2,529.8,362131173,2
1571.7,551.3,362131191,2
1536.0,588.1,362131207,2
1516.8,618.4,362131218,2
1535.1,569.2,362131236,2
1524.3,592.2,362131251,2
1520.8,599.3,362131265,2
1496.1,647.5,362131297,2
1495.0,656.7,362131310,2
1512.6,613.6,362131327,2
1523.6,584.3,362131342,2
1508.3,658.6,362131352,2
1503.4,640.8,362131371,2
1498.3,649.8,362131386,2
1495.5,644.9,362131399,2
1487.0,620.0,362131444,2
1488.5,620.8,362131460,2
1484.3,640.8,362131477,2
1502.5,622.7,362131488,2
1501.9,627.2,362131507,2
1511.0,614.6,362131523,2
1498.6,654.8,362131534,2
1501.5,644.9,362131551,2
1511.7,571.1,362131567,2
1511.2,570.3,362131600,2
1509.7,575.2,362131610,2
1405.0,613.4,362132047,2
1452.2,611.5,362132061,2
1457.0,555.3,362132091,2
1478.6,536.9,362132107,2
1484.8,515.3,362132119,2
1477.9,497.8,362132135,2
1470.2,522.2,362132152,2
1426.3,508.3,362132165,2
1416.5,518.7,362132197,2
1428.8,505.7,362132209,2
1431.9,515.6,362132225,2
1448.0,525.6,362132241,2
1456.3,540.1,362132253,2
1478.7,557.7,362132272,2
1478.3,541.1,362132287,2
1464.7,568.4,362132301,2
1512.7,650.3,362132317,2
1481.1,645.8,362132348,2
1474.5,697.3,362132360,2
1437.5,759.7,362132379,2
1480.1,737.4,362132388,2
1414.2,754.1,362132405,2
1408.0,762.0,362132421,2
1431.0,768.6,362132434,2
1431.1,718.7,362132453,2
1434.5,660.2,362132466,2
1437.6,579.9,362132513,2
1430.8,513.3,362132524,2
1425.6,520.2,362132540,2
1401.7,635.2,362132556,2
1419.6,595.1,362132568,2
1409.8,616.9,362132585,2
1389.6,677.9,362132603,2
1395.2,648.9,362132613,2
1398.1,639.7,362132650,2
1398.8,662.8,362132658,2
1432.3,566.4,362132676,2
1467.5,633.9,362132691,2
1477.5,596.8,362132704,2
1472.9,633.8,362132721,2
1464.4,645.4,362132736,2
1449.3,603.3,362132748,2
1448.3,605.9,362132766,2
1449.8,598.6,362132794,2
1450.7,611.2,362132811,2
1466.5,552.9,362132826,2
1465.8,549.9,362132839,2
1468.2,557.7,362132872,2
1466.6,557.2,362132883,2
1461.8,569.9,362132901,2
1459.5,577.3,362132917,2
1450.8,584.8,362132947,2
1444.2,583.6,362132961,2
1444.2,574.9,362132974,2
1446.2,578.9,362132992,2
1451.9,573.3,362133007,2
1459.9,562.7,362133019,2
1468.6,564.2,362133037,2
1456.4,558.6,362133051,2
1447.5,576.7,362133064,2
1446.6,578.8,362133096,2
1443.4,576.3,362133108,2
1440.1,559.7,362133126,2
1451.1,549.9,362133142,2
1451.5,548.4,362133154,2
1450.2,547.1,362133171,2
1440.6,566.2,362133187,2
1443.9,559.9,362133199,2
1444.0,550.0,362133215,2
1434.4,587.1,362133245,2
1435.8,585.0,362133261,2
1438.6,587.9,362133278,2
1437.0,596.2,362133288,2
1437.6,597.4,362133307,2
1435.3,592.2,362133320,2
1435.9,587.1,362133335,2
1444.5,572.6,362133352,2
1450.0,572.8,362133366,2
1453.5,566.7,362133398,2
1452.3,569.3,362133411,2
1454.1,569.9,362133423,2
1451.9,572.0,362133457,2
1452.0,573.1,362133469,2
1456.3,584.1,362133486,2
1448.3,598.0,362133502,2
1454.7,599.8,362133513,2
1450.9,598.5,362133548,2
1447.3,605.9,362133558,2
1463.5,603.6,362133591,2
1469.2,607.6,362133603,2
1463.0,589.8,362133622,2
1474.3,583.9,362133637,2
1478.1,586.7,362133648,2
1490.9,581.6,362133694,2
1485.6,582.7,362133714,2
1467.3,582.7,362133729,2
1454.5,571.2,362133737,2
1446.3,569.6,362133757,2
1442.6,575.8,362133773,2
1437.5,582.1,362133783,2
1427.4,592.5,362133802,2
1418.4,607.2,362133818,2
1385.3,682.9,362133850,2
1360.5,744.6,362133861,2
1358.8,745.0,362133874,2
1356.9,743.5,362133891,2
1361.4,727.0,362133909,2
1378.9,659.9,362133919,2
1396.3,597.5,362133936,2
1379.8,658.7,362133952,2
1389.1,630.1,362133964,2
1383.9,643.0,362133998,2
1389.7,613.5,362134008,2
1391.9,583.3,362134027,2
1459.5,494.4,362134042,2
1468.6,489.3,362134053,2
1461.0,499.2,362134072,2
1477.1,608.9,362134086,2
1473.5,629.9,362134145,2
1773.1,488.0,362134520,2
1415.9,574.4,362134535,2
1306.3,593.1,362134566,2
1399.7,563.5,362134593,2
1316.0,582.8,362134627,2
1341.0,615.6,362134671,2
1342.4,612.2,362134684,2
1455.7,618.9,362134716,2
1446.4,558.9,362134749,2
1448.1,558.7,362134761,2
1447.1,539.1,362134774,2
1444.7,507.4,362134791,2
1446.6,513.5,362134806,2
1451.4,520.2,362134818,2
1452.6,518.7,362134835,2
1451.6,518.9,362134851,2
1452.6,518.3,362134864,2
1456.3,508.9,362134899,2
1545.2,524.1,362134908,2
1520.6,504.1,362134927,2
1586.8,524.3,362134942,2
1550.6,521.8,362134954,2
1536.8,510.7,362134971,2
1560.4,515.6,362134986,2
1546.6,510.4,362134999,2
1548.2,511.9,362135017,2
1542.6,517.8,362135044,2
1551.7,518.9,362135062,2
1549.1,517.0,362135076,2
1517.0,511.3,362135087,2
1518.8,513.6,362135106,2
1521.8,520.6,362135121,2
1537.1,478.0,362135133,2
1534.0,479.9,362135150,2
1532.9,482.4,362135168,2
1524.0,497.8,362135198,2
1548.5,570.4,362135212,2
1534.3,534.8,362135224,2
1530.7,512.5,362135241,2
1533.5,503.8,362135258,2
1533.3,504.1,362135270,2
1536.7,507.7,362135287,2
1553.6,554.8,362135301,2
1552.4,551.9,362135313,2
1650.7,621.6,362135349,2
1622.9,609.5,362135358,2
1590.1,591.5,362135376,2
1615.1,585.5,362135391,2
1621.5,591.2,362135406,2
1587.3,565.2,362135422,2
1603.0,576.6,362135436,2
1573.2,535.3,362135448,2
1558.6,501.6,362135466,2
1558.5,503.8,362135496,2
1554.7,505.8,362135511,2
1555.9,509.3,362135526,2
1555.0,523.0,362135540,2
1554.9,529.2,362135572,2
1545.2,649.7,362135583,2
1548.8,672.6,362135617,2
1558.6,584.6,362135647,2
1584.0,623.7,362135662,2
1569.8,588.1,362135673,2
1552.1,561.4,362135691,2
1541.8,547.4,362135709,2
1534.1,534.4,362135718,2
1509.3,570.8,362135738,2
1502.4,555.7,362135751,2
1498.7,553.4,362135763,2
1496.0,553.8,362135797,2
1506.2,539.0,362135808,2
1519.8,522.2,362135826,2
1531.9,512.5,362135842,2
1540.8,503.1,362135854,2
1542.2,499.4,362135871,2
1540.3,486.8,362135886,2
1281.1,634.7,362136605,2
1263.3,552.5,362136650,2
1256.2,575.6,362136698,2
1299.5,551.0,362136727,2
1348.8,560.0,362136741,2
1348.6,569.9,362136771,2
1365.5,610.8,362136786,2
1373.9,601.3,362136815,2
1362.5,563.7,362136845,2
1371.6,557.2,362136862,2
1355.0,547.2,362136879,2
1348.2,559.5,362136906,2
1347.9,533.9,362136920,2
1350.4,542.3,362136933,2
1351.8,590.9,362136952,2
1336.3,581.9,362136965,2
1331.2,577.0,362136997,2
1328.7,575.3,362137012,2
1321.8,586.0,362137041,2
1322.8,585.5,362137057,2
1334.4,575.3,362137068,2
1350.9,548.2,362137086,2
1351.4,545.1,362137103,2
1352.7,538.1,362137114,2
1361.7,513.7,362137148,2
1408.7,565.8,362137179,2
1388.9,576.2,362137190,2
1361.3,568.8,362137204,2
1381.1,581.1,362137221,2
1370.0,575.4,362137238,2
1359.5,570.0,362137248,2
1357.8,568.3,362137267,2
1388.4,558.4,362137295,2
1477.1,540.7,362137311,2
1426.9,555.3,362137325,2
1541.6,459.9,362137356,2
1509.4,456.3,362137370,2
1503.8,440.8,362137384,2
1506.4,449.8,362137400,2
1501.0,505.1,362137418,2
1383.7,556.7,362137446,2
1409.5,543.5,362137461,2
1371.0,591.8,362137491,2
1419.7,590.9,362137507,2
1528.7,569.4,362137537,2
1519.2,569.1,362137551,2
1537.8,583.9,362137598,2
1482.6,565.8,362137610,2
1450.9,565.9,362137626,2
1443.2,586.5,362137644,2
1437.5,577.6,362137653,2
1435.3,572.7,362137671,2
1440.5,568.6,362137686,2
1433.8,576.5,362137699,2
1448.8,587.2,362137717,2
1476.0,596.8,362137761,2
1461.9,597.4,362137777,2
1458.1,580.6,362137806,2
1454.1,576.9,362137822,2
1514.1,552.1,362137850,2
1485.9,564.1,362137865,2
1603.9,515.3,362137897,2
1562.4,526.8,362137910,2
1502.3,554.3,362137923,2
1504.4,553.6,362137940,2
1522.0,546.4,362137958,2
1503.0,559.9,362137969,2
1448.7,648.3,362137985,2
1451.3,614.5,362138002,2
1449.6,606.6,362138048,2
1434.3,635.5,362138060,2
1400.3,670.5,362138076,2
1402.4,661.4,362138092,2
1404.0,634.7,362138121,2
1406.4,625.4,362138135,2
1435.9,617.6,362138167,2
1453.8,652.9,362138195,2
1456.7,658.5,362138211,2
1444.6,641.9,362138226,2
1438.3,644.0,362138238,2
1444.5,656.5,362138255,2
1449.9,644.8,362138271,2
1434.1,606.3,362138283,2
1429.9,610.2,362138301,2
1431.4,611.2,362138317,2
1430.7,598.0,362138347,2
1421.0,569.6,362138361,2
1418.7,576.0,362138374,2
1415.2,580.5,362138390,2
1414.7,578.9,362138406,2
1456.1,562.7,362138418,2
1439.4,593.4,362138437,2
1446.0,587.0,362138452,2
1434.4,599.8,362138465,2
1410.0,620.5,362138498,2
1417.8,612.0,362138508,2
1405.7,631.4,362138526,2
1412.7,627.3,362138543,2
1410.9,640.8,362138554,2
1396.6,640.0,362138572,2
1402.2,634.8,362138586,2
1386.2,665.6,362138598,2
1388.8,660.7,362138615,2
1379.4,674.4,362138644,2
1396.8,666.3,362138662,2
1399.2,654.7,362138676,2
1385.2,658.6,362138689,2
1395.3,598.8,362138706,2
1402.4,569.0,362138722,2
1427.9,563.0,362138734,2
1430.5,587.3,362138752,2
1437.4,570.5,362138766,2
1457.0,575.0,362138796,2
1455.4,581.6,362138811,2
1420.7,605.3,362138824,2
1406.3,634.3,362138842,2
1402.2,637.3,362138857,2
1346.1,617.5,362138870,2
1355.6,605.2,362138887,2
1366.3,604.7,362138902,2
1402.3,582.0,362138913,2
1436.0,437.4,362138948,2
1437.4,514.4,362138959,2
1498.8,494.5,362138990,2
1497.7,494.1,362139004,2
1501.1,511.4,362139021,2
1446.2,524.1,362139036,2
1457.6,520.4,362139048,2
1461.6,523.8,362139066,2
1478.0,525.8,362139095,2
1449.6,516.7,362139110,2
1469.8,491.2,362139126,2
1491.8,457.4,362139138,2
1494.6,450.7,362139157,2
1493.9,446.6,362139171,2
1490.8,424.0,362139200,2
1490.5,423.7,362139216,2
1480.5,433.9,362139247,2
1474.3,433.4,362139260,2
1468.8,435.4,362139274,2
1464.6,439.3,362139290,2
1461.6,445.6,362139306,2
1460.7,456.3,362139318,2
1456.5,459.6,362139335,2
1464.3,450.9,362139351,2
1459.0,463.6,362139364,2
1484.8,410.5,362139397,2
1484.0,418.6,362139409,2
1506.7,498.1,362139428,2
1507.7,510.2,362139441,2
1512.2,528.7,362139471,2
1537.7,603.8,362139486,2
1519.9,586.9,362139516,2
1312.7,598.7,362139939,2
1300.0,558.2,362139966,2
1274.4,510.9,362139994,2
1266.9,497.2,362140010,2
1292.6,535.2,362140027,2
1291.5,547.0,362140040,2
1290.6,545.1,362140056,2
1298.8,576.0,362140071,2
1322.9,537.5,362140084,2
1327.2,536.2,362140101,2
1324.6,546.6,362140116,2
1343.1,540.4,362140146,2
1348.1,547.4,362140162,2
1358.0,541.1,362140174,2
1396.7,547.8,362140191,2
1385.0,603.5,362140209,2
1385.7,642.1,362140218,2
1387.3,695.3,362140236,2
1384.5,697.4,362140252,2
1385.4,680.8,362140265,2
1410.5,700.2,362140296,2
1430.1,675.4,362140308,2
1441.6,649.7,362140326,2
1463.7,665.5,362140342,2
1464.2,664.4,362140355,2
1488.9,576.3,362140372,2
1487.5,576.7,362140387,2
1516.7,611.6,362140400,2
1532.0,598.2,362140418,2
1540.5,592.2,362140443,2
1550.5,608.7,362140461,2
1555.4,614.8,362140476,2
1547.4,598.2,362140488,2
1532.5,595.3,362140507,2
1514.9,577.7,362140522,2
1524.8,585.6,362140534,2
1532.7,584.1,362140551,2
1534.5,595.6,362140567,2
1552.6,627.8,362140597,2
1549.2,629.3,362140611,2
1479.9,682.7,362140622,2
1442.4,726.0,362140642,2
1452.6,727.9,362140659,2
1435.6,729.2,362140670,2
1435.9,719.9,362140686,2
1428.7,729.5,362140703,2
1423.4,733.7,362140713,2
1431.3,722.3,362140748,2
1434.3,719.0,362140760,2
1435.4,717.9,362140775,2
1434.7,718.9,362140793,2
1445.8,696.2,362140803,2
1531.8,613.3,362140821,2
1496.8,664.8,362140836,2
1494.3,654.3,362140848,2
1475.4,688.8,362140865,2
1483.9,683.4,362140898,2
1453.1,735.1,362140912,2
1442.3,750.4,362140926,2
1456.9,726.6,362140938,2
1439.5,739.2,362140957,2
1430.6,738.3,362140970,2
1448.3,679.7,362140984,2
1473.3,611.5,362141001,2
1462.9,663.1,362141016,2
1462.9,639.2,362141046,2
1439.3,665.0,362141061,2
1460.1,649.0,362141074,2
1455.1,667.7,362141092,2
1428.0,688.3,362141106,2
1430.0,686.7,362141135,2
1430.1,689.1,362141152,2
1434.4,688.6,362141196,2
1432.5,688.2,362141208,2
1420.0,700.4,362141226,2
1452.7,622.8,362141242,2
1462.0,602.5,362141270,2
1492.1,554.1,362141285,2
1511.1,523.3,362141317,2
1499.6,521.4,362141345,2
1515.7,500.8,362141362,2
1510.2,506.0,362141376,2
1517.7,497.4,362141387,2
1511.8,501.3,362141406,2
1509.8,501.7,362141422,2
1500.1,509.2,362141434,2
1497.5,515.2,362141451,2
1504.3,510.3,362141466,2
1497.0,475.2,362141496,2
1494.7,473.7,362141511,2
1489.4,482.5,362141522,2
1494.7,477.5,362141558,2
1490.1,496.8,362141569,2
1492.2,502.0,362141601,2
1490.1,502.3,362141613,2
1489.1,480.5,362141648,2
1429.9,635.9,362141658,2
1424.1,673.6,362141692,2
1473.4,621.5,362141703,2
1408.8,739.5,362141736,2
1424.2,714.5,362141748,2
1421.2,709.8,362141765,2
1423.6,701.2,362141794,2
1403.6,708.9,362141826,2
1416.2,687.3,362141837,2
1420.3,674.1,362141857,2
1429.2,655.1,362141871,2
1456.6,598.6,362141882,2
1501.4,501.7,362141901,2
1501.4,501.2,362141915,2
1502.5,501.3,362141960,2
1498.5,513.0,362141972,2
1482.5,495.7,362141991,2
1509.7,539.9,362142006,2
1555.2,589.4,362142017,2
1562.0,582.7,362142035,2
1556.0,592.7,362142050,2
1551.4,564.3,362142062,2
1540.5,575.5,362142097,2
1546.6,565.2,362142109,2
1535.2,579.1,362142127,2
1534.3,584.7,362142141,2
1537.8,580.7,362142152,2
1545.2,568.1,362142170,2
1531.0,596.3,362142185,2
1536.1,577.9,362142198,2
1550.2,536.2,362142244,2
1531.9,562.2,362142261,2
1472.8,664.6,362142276,2
1489.3,633.8,362142287,2
1513.1,583.1,362142307,2
1468.8,651.2,362142320,2
1463.3,656.7,362142332,2
1475.5,629.8,362142352,2
1502.1,580.0,362142366,2
1530.8,515.2,362142396,2
1533.6,496.8,362142411,2
1523.5,513.4,362142425,2
1519.6,518.8,362142441,2
1516.5,523.9,362142456,2
1514.2,526.2,362142467,2
1512.0,533.6,362142487,2
1510.6,534.2,362142503,2
1526.4,485.8,362142512,2
1529.1,478.9,362142546,2
1528.1,485.7,362142558,2
1527.7,484.9,362142575,2
1508.1,519.0,362142591,2
1521.3,509.1,362142602,2
1515.1,537.4,362142635,2
1469.0,507.3,362142648,2
1517.1,482.2,362142666,2
1520.3,493.9,362142710,2
1515.3,495.8,362142729,2
1493.7,541.0,362142738,2
1441.7,640.5,362142756,2
1414.8,671.2,362142773,2
1412.5,675.4,362142816,2
1501.7,502.7,362142848,2
1482.0,531.6,362142860,2
1488.1,512.9,362142873,2
1500.1,501.3,362142891,2
1444.3,600.9,362142908,2
1437.2,619.4,362142917,2
1448.9,598.6,362142935,2
1424.4,650.1,362142951,2
