729.0,849.6,359693600,T
732.4,805.9,359693626,T
741.3,541.2,359693643,T
699.7,369.2,359693671,T
694.9,353.5,359693686,T
720.8,383.3,359693713,T
724.0,325.5,359693761,T
718.3,302.7,359693775,T
672.7,321.9,359693805,T
669.1,325.8,359693822,T
679.4,307.8,359693849,T
672.9,311.8,359693866,T
682.0,302.6,359693895,T
662.3,293.3,359693911,T
633.5,282.1,359693956,T
638.8,304.3,359693984,T
643.8,339.1,359694003,T
656.5,364.1,359694047,T
691.0,389.3,359694073,T
693.8,381.0,359694091,T
694.8,375.9,359694120,T
693.4,367.2,359694138,T
699.4,341.3,359694164,T
685.6,299.5,359694209,T
663.1,251.1,359694226,T
648.0,354.4,359694254,T
643.3,382.4,359694272,T
636.3,344.8,359694301,T
641.1,334.4,359694316,T
659.5,319.7,359694348,T
661.5,329.3,359694361,T
683.2,319.4,359694406,T
670.3,338.5,359694434,T
668.0,338.2,359694453,T
638.7,322.6,359694498,T
643.5,318.9,359694524,T
639.5,310.5,359694544,T
675.8,296.2,359694570,T
664.3,294.1,359694589,T
658.7,301.2,359694614,T
657.5,382.4,359694659,T
658.0,372.7,359694677,T
659.7,374.6,359694704,T
661.6,367.1,359694724,T
671.5,369.7,359694750,T
668.5,369.5,359694769,T
659.1,357.2,359694811,T
655.5,349.0,359694843,T
710.7,582.4,359694858,T
659.2,397.6,359694885,T
672.2,377.7,359694901,T
663.8,322.2,359694950,T
648.1,313.1,359694976,T
643.1,310.6,359694998,T
639.2,314.9,359695021,T
638.5,317.5,359695036,T
640.7,326.9,359695064,T
654.8,364.0,359695121,T
655.3,363.5,359695129,T
689.8,443.2,359695173,T
690.4,455.9,359695199,T
700.9,467.7,359695215,T
686.4,479.5,359695246,T
675.7,471.2,359695262,T
694.7,481.0,359695291,T
695.5,474.4,359695308,T
702.7,471.4,359695335,T
713.8,467.8,359695350,T
678.0,419.2,359695399,T
654.5,414.4,359695424,T
653.5,433.1,359695443,T
661.4,488.0,359695460,T
585.0,443.1,359695469,T
590.0,466.2,359695487,T
577.7,451.6,359695502,T
564.6,477.8,359695516,T
583.5,431.4,359695548,T
580.7,375.5,359695578,T
576.1,352.2,359695591,T
557.2,345.1,359695621,T
466.3,373.8,359695636,T
456.7,312.4,359695667,T
454.9,207.0,359695712,T
428.4,209.2,359695727,T
395.5,235.3,359695756,T
306.6,364.3,359695772,T
311.6,202.1,359695787,T
308.9,-19.5,359695801,T
316.9,253.3,359695816,T
317.9,172.4,359695847,T
326.5,366.8,359695862,T
214.1,392.1,359695891,T
258.8,389.0,359695906,T
249.1,379.4,359695920,T
172.3,281.4,359695936,T
78.6,134.0,359695952,T
237.1,105.1,359695968,T
191.0,101.0,359695997,T
302.5,133.2,359696012,T
156.4,123.9,359696025,T
348.1, 25.3,359696043,T
225.2, 24.9,359696056,T
-35.6,-49.7,359696072,T
-8.7,-55.4,359696086,T
69.4,-61.6,359696101,T
-51.8,-54.0,359696117,T
-217.7,-68.8,359696147,T
-250.9,-80.0,359696160,T
-24.9,-97.9,359696177,T
39.0,-107.6,359696191,T
22.4,-107.7,359696206,T
105.5,-114.0,359696220,T
-158.3,-53.6,359696251,T
50.5,-87.1,359696266,T
-9.4,-46.8,359696296,T
215.9,-86.6,359696311,T
-3.9,-42.1,359696328,T
-74.9,-24.6,359696341,T
66.4,201.8,359696358,T
250.0,306.2,359696373,T
464.9,381.5,359696388,T
355.7,282.3,359696402,T
343.0,278.8,359696417,T
383.2,286.5,359696447,T
380.3,378.0,359696461,T
389.9,474.8,359696478,T
284.0,223.9,359696491,T
395.0,187.0,359696505,T
173.3,127.5,359696520,T
131.4, 80.0,359696536,T
204.1, 63.2,359696552,T
138.2, 34.1,359696565,T
-3.5,-34.5,359696597,T
-23.3,-27.2,359696610,T
-66.9, -1.2,359696628,T
36.9,103.1,359696641,T
2.3,107.3,359696656,T
52.3,208.6,359696671,T
69.1,252.8,359696687,T
30.7,189.3,359696701,T
76.6,264.2,359696716,T
35.3,204.4,359696747,T
62.7,247.1,359696763,T
71.3,266.0,359696774,T
-53.8,116.4,359696791,T
-35.3,130.1,359696806,T
-68.1, 98.5,359696819,T
6.7,196.1,359696852,T
969.8,606.1,359697076,T
680.7,861.3,359697122,T
394.4,548.5,359697135,T
291.3,461.2,359697151,T
174.5,236.8,359697168,T
128.5,158.6,359697197,T
359.4,411.0,359697211,T
315.7,382.5,359697226,T
433.8,464.8,359697241,T
448.0,439.7,359697257,T
410.2,375.3,359697272,T
33.9, 87.0,359697286,T
183.0,191.7,359697301,T
170.1,149.1,359697315,T
49.8, 82.3,359697361,T
218.0,246.0,359697376,T
217.9,187.5,359697406,T
201.6,171.8,359697421,T
213.1,134.0,359697437,T
442.6,288.5,359697453,T
546.5,352.6,359697466,T
472.8,284.8,359697500,T
397.4,226.8,359697511,T
4.3,-52.1,359697540,T
80.0,-16.9,359697556,T
-136.3,-136.6,359697588,T
-53.5,-88.2,359697601,T
2.6,-60.5,359697647,T
221.3,175.1,359697675,T
405.8,332.2,359697690,T
238.1,125.2,359697720,T
423.3,240.4,359697736,T
344.8,189.1,359697751,T
377.9,199.4,359697768,T
615.6,349.4,359697811,T
602.5,313.7,359697826,T
602.9,314.9,359697857,T
620.1,375.7,359697871,T
619.6,485.7,359697902,T
628.3,559.1,359697917,T
638.2,534.9,359697947,T
636.6,529.2,359697962,T
638.2,525.6,359697993,T
616.7,339.8,359698008,T
597.6,267.0,359698036,T
566.0,300.1,359698051,T
567.3,248.8,359698101,T
562.8,236.8,359698126,T
580.6,237.8,359698142,T
585.8,228.3,359698171,T
573.2,202.7,359698186,T
574.5,233.4,359698216,T
597.0,325.4,359698260,T
610.9,246.5,359698277,T
598.5,227.9,359698322,T
595.5,234.0,359698353,T
624.2,269.0,359698399,T
739.3,611.7,359698696,T
778.7,360.3,359698712,T
528.3,187.4,359698726,T
698.9,317.1,359698757,T
578.1,264.2,359698771,T
410.1,186.6,359698786,T
339.4,156.9,359698801,T
293.4,118.9,359698817,T
276.8,118.2,359698849,T
279.4,109.1,359698861,T
522.4,252.5,359698905,T
649.6,358.1,359698921,T
469.3,244.9,359698935,T
322.0,155.1,359698951,T
385.5,197.1,359698967,T
258.9,112.7,359698998,T
456.2,204.3,359699012,T
379.7,192.5,359699026,T
522.4,282.1,359699040,T
512.6,281.1,359699057,T
526.7,282.1,359699070,T
377.9,265.3,359699086,T
565.2,382.2,359699102,T
479.6,338.5,359699117,T
430.5,318.5,359699148,T
343.6,253.6,359699161,T
520.0,358.5,359699176,T
674.4,375.5,359699192,T
536.4,337.6,359699206,T
507.0,348.5,359699221,T
559.2,394.1,359699237,T
488.2,365.7,359699252,T
548.4,409.8,359699266,T
410.0,359.2,359699297,T
386.1,341.3,359699311,T
252.6,259.4,359699340,T
336.3,317.1,359699356,T
311.4,178.6,359699386,T
273.4,170.7,359699402,T
249.7,140.2,359699448,T
245.2,148.3,359699475,T
240.6,154.9,359699491,T
232.4,161.4,359699521,T
231.4,158.8,359699535,T
212.7,162.0,359699566,T
197.1,141.5,359699611,T
197.8,148.2,359699627,T
198.5,146.8,359699657,T
199.5,159.3,359699672,T
206.3,153.2,359699702,T
229.7,159.2,359699715,T
354.9,187.3,359699747,T
238.1,145.9,359699762,T
193.7,126.2,359699791,T
249.9,150.3,359699805,T
167.7,115.8,359699835,T
197.7,128.7,359699851,T
393.5,226.5,359699867,T
480.6,297.2,359699897,T
626.4,393.1,359699913,T
662.4,421.3,359699926,T
678.2,439.5,359699941,T
616.6,395.5,359699971,T
527.5,314.6,359699986,T
325.6,138.0,359700002,T
492.6,204.3,359700017,T
411.9,241.0,359700050,T
472.4,274.6,359700060,T
522.8,314.5,359700076,T
415.9,371.0,359700092,T
530.4,514.4,359700107,T
690.2,576.6,359700120,T
611.0,563.9,359700136,T
605.8,599.5,359700151,T
646.1,671.1,359700166,T
545.0,624.5,359700195,T
545.0,635.1,359700211,T
519.4,627.0,359700227,T
575.7,645.2,359700240,T
637.0,665.7,359700255,T
590.9,655.2,359700271,T
648.7,670.3,359700285,T
668.7,677.4,359700300,T
558.8,645.9,359700317,T
547.9,638.1,359700347,T
486.5,615.4,359700364,T
591.3,626.6,359700374,T
662.1,637.9,359700391,T
600.3,619.4,359700407,T
645.2,620.0,359700419,T
711.2,634.8,359700435,T
723.0,548.2,359700464,T
725.9,440.4,359700509,T
695.3,380.2,359700525,T
695.1,381.2,359700542,T
573.0,487.2,359700554,T
590.1,507.8,359700572,T
615.0,584.1,359700586,T
627.5,566.3,359700600,T
630.9,571.3,359700617,T
639.2,613.2,359700646,T
663.7,613.7,359700660,T
703.3,526.3,359700676,T
711.0,548.7,359700689,T
694.6,579.5,359700721,T
666.5,640.3,359700734,T
596.3,729.7,359700753,T
592.4,618.8,359700768,T
578.8,551.9,359700797,T
567.5,556.5,359700811,T
575.5,589.5,359700823,T
581.3,447.5,359700841,T
583.0,509.0,359700856,T
574.6,402.5,359700885,T
563.3,424.4,359700901,T
573.5,617.9,359700914,T
558.3,537.7,359700947,T
552.4,636.9,359700957,T
557.2,580.0,359700978,T
510.7,555.6,359700991,T
493.7,371.6,359701021,T
475.6,418.5,359701037,T
495.7,302.6,359701066,T
387.7, 91.1,359701110,T
401.7, 59.3,359701126,T
543.3,129.1,359701156,T
500.6,136.6,359701172,T
571.0, 30.3,359701200,T
572.5,-41.6,359701217,T
581.6,-51.6,359701248,T
573.1,-103.0,359701262,T
568.3,-131.3,359701273,T
516.1,291.5,359701307,T
516.9,325.1,359701320,T
517.5,362.4,359701336,T
647.3,456.3,359701351,T
638.1,421.0,359701364,T
669.6,461.0,359701398,T
568.6,307.3,359701410,T
553.2,292.5,359701427,T
639.6,281.0,359701441,T
642.1,206.9,359701455,T
621.7,164.7,359701470,T
386.8,219.7,359701486,T
439.7,178.6,359701499,T
440.9,134.2,359701516,T
305.2,195.7,359701548,T
262.6,217.0,359701561,T
300.4,267.2,359701577,T
319.2,289.0,359701591,T
298.6,286.4,359701607,T
295.3,297.1,359701622,T
309.3,302.3,359701638,T
313.7,303.5,359701652,T
83.6,227.9,359701667,T
93.9,233.6,359701697,T
36.9,213.7,359701711,T
24.8,209.7,359701727,T
39.8,221.9,359701741,T
411.9,252.4,359701771,T
500.7,256.0,359701786,T
197.2, 85.5,359701817,T
-122.1,-83.1,359701847,T
-147.5,-96.3,359701861,T
-129.3,-82.9,359701876,T
-239.2,-139.8,359701892,T
-153.3,-80.5,359701906,T
-143.3,-72.6,359701921,T
-196.2,-90.8,359701937,T
-152.6,-47.7,359701950,T
-118.3,-12.9,359701966,T
123.7,112.1,359701997,T
148.8,110.1,359702011,T
60.4, 63.9,359702028,T
15.3, 38.5,359702040,T
129.1, 95.5,359702056,T
-56.6, -2.8,359702072,T
-116.3,-31.5,359702086,T
-32.6, 10.9,359702101,T
-197.6,-56.7,359702117,T
-101.2,-11.7,359702147,T
-140.5,-26.3,359702161,T
-119.0,  0.4,359702179,T
-76.7, 28.8,359702191,T
-193.3, 43.8,359702206,T
-43.3, 55.4,359702221,T
-21.4, 59.3,359702238,T
-129.6,-16.4,359702252,T
-88.6, 15.0,359702266,T
-150.3,-55.3,359702297,T
-37.8,-17.8,359702311,T
-102.8,-52.3,359702326,T
-168.9,-79.6,359702342,T
-87.1,-37.9,359702357,T
-62.6,-24.0,359702372,T
-132.7, -7.0,359702386,T
-149.8,-11.8,359702403,T
23.5, 72.5,359702416,T
51.6, 97.2,359702447,T
61.8, 99.7,359702463,T
-130.2, 23.2,359702477,T
10.2, 60.4,359702491,T
282.6,151.8,359702509,T
360.8,188.6,359702536,T
461.0,229.9,359702550,T
587.2,295.1,359702597,T
619.6,245.4,359702628,T
612.8,252.5,359702640,T
598.2,263.7,359702672,T
599.7,273.0,359702686,T
561.9,269.8,359702715,T
-50.2, 60.4,359702749,T
-226.7,-57.2,359702760,T
-56.5, 64.3,359702778,T
-194.9,-42.7,359702792,T
-130.9,-37.3,359702805,T
-146.7,-37.8,359702821,T
-218.1,-81.3,359702836,T
-148.9,-43.4,359702852,T
-53.5, 38.3,359702867,T
111.3, 79.7,359702897,T
110.5, 42.0,359702911,T
-13.0, 31.3,359702926,T
59.8, 35.2,359702941,T
81.5, -2.7,359702955,T
-131.4,-27.1,359702971,T
-127.9,-24.6,359702985,T
-39.7,-20.2,359703001,T
-173.7,-19.7,359703016,T
-116.0,-21.8,359703047,T
-168.5,-20.4,359703062,T
11.9,-42.3,359703077,T
62.4,-44.0,359703091,T
-89.2,-75.5,359703107,T
-85.9,-84.0,359703121,T
-42.7,-82.8,359703135,T
-146.3,-73.1,359703151,T
-84.1,-74.7,359703166,T
-12.2,-71.7,359703197,T
90.7,-76.8,359703211,T
105.4,-37.1,359703228,T
71.0,-40.4,359703242,T
70.7,-38.9,359703258,T
-99.3,-53.6,359703271,T
-57.0,-45.0,359703287,T
-4.5,-39.9,359703300,T
-154.0,-41.1,359703316,T
-69.4,-31.5,359703347,T
-154.6,-52.5,359703361,T
-105.4,-25.7,359703377,T
770.5,315.4,359703649,T
849.1,413.7,359703661,T
849.1,413.7,359703693,T
849.1,413.7,359703705,T
849.1,413.7,359703721,T
849.1,413.7,359703735,T
353.5, 57.9,359703753,T
477.5, 14.6,359703765,T
207.2,-10.5,359703811,T
190.8,-32.8,359703826,T
212.5,-34.8,359703844,T
-140.2,-60.5,359703856,T
32.3,-63.4,359703873,T
114.1,-44.9,359703885,T
-81.7,-76.8,359703903,T
-116.7,-83.7,359703915,T
29.1,-73.6,359703961,T
142.1,-56.7,359703976,T
8.6,-88.2,359703991,T
7.6,-91.4,359704007,T
162.4,-18.8,359704021,T
269.2,-35.2,359704036,T
279.5,-51.4,359704052,T
154.5, 48.5,359704066,T
399.7, 20.0,359704097,T
424.3, 15.4,359704111,T
476.1, 47.2,359704126,T
477.7, 61.3,359704142,T
462.1, 97.9,359704156,T
543.3,107.9,359704171,T
440.7,184.3,359704186,T
396.1,191.5,359704201,T
378.2,184.7,359704218,T
293.5,274.1,359704247,T
319.6,249.1,359704261,T
320.6,252.3,359704277,T
327.1,266.1,359704292,T
374.3,263.9,359704306,T
402.4,258.1,359704321,T
437.2,247.0,359704336,T
556.0,254.7,359704351,T
534.0,252.2,359704366,T
535.0,221.1,359704412,T
566.8,249.3,359704427,T
540.4,360.8,359704441,T
538.8,393.0,359704456,T
536.4,399.5,359704471,T
531.1,415.7,359704487,T
508.1,410.4,359704501,T
477.0,406.7,359704515,T
347.4,375.3,359704548,T
372.3,388.6,359704561,T
506.1,485.4,359704577,T
598.9,558.8,359704591,T
563.0,525.5,359704606,T
641.8,519.0,359704621,T
603.9,499.6,359704637,T
565.4,474.4,359704650,T
567.1,444.3,359704666,T
582.3,461.9,359704697,T
577.3,473.0,359704711,T
560.2,470.6,359704727,T
524.3,404.5,359704740,T
556.6,452.6,359704757,T
555.7,454.6,359704771,T
549.4,431.3,359704788,T
607.8,400.0,359704804,T
585.1,361.2,359704817,T
614.7,368.2,359704847,T
639.9,384.1,359704861,T
614.2,391.1,359704874,T
629.9,473.9,359704890,T
612.6,487.0,359704906,T
603.8,474.0,359704919,T
619.8,542.2,359704938,T
601.3,544.0,359704956,T
568.8,598.6,359704968,T
538.9,644.0,359704997,T
540.7,643.0,359705012,T
592.3,709.7,359705028,T
600.3,713.5,359705042,T
573.1,666.8,359705054,T
653.4,622.2,359705071,T
613.9,604.9,359705087,T
591.8,612.1,359705100,T
612.5,637.4,359705115,T
588.5,610.5,359705145,T
630.4,609.3,359705163,T
661.4,638.3,359705177,T
668.2,636.2,359705188,T
673.8,589.1,359705206,T
674.0,584.0,359705222,T
683.7,596.9,359705234,T
690.2,624.0,359705251,T
689.7,658.8,359705266,T
669.0,602.1,359705297,T
665.6,598.7,359705311,T
675.6,603.2,359705341,T
683.3,602.6,359705357,T
676.6,598.4,359705368,T
682.3,600.0,359705386,T
678.3,597.3,359705400,T
312.5,622.8,359705413,T
229.3,631.3,359705449,T
235.0,630.3,359705460,T
375.2,638.3,359705476,T
349.5,637.8,359705491,T
411.1,589.1,359705505,T
452.0,576.3,359705521,T
430.7,594.9,359705537,T
532.0,516.6,359705549,T
535.7,503.3,359705565,T
448.1,461.6,359705597,T
325.9,446.9,359705610,T
294.4,451.4,359705626,T
288.8,442.8,359705640,T
205.0,419.4,359705656,T
167.2,389.1,359705672,T
197.5,353.2,359705686,T
50.6,202.2,359705701,T
26.2,167.6,359705715,T
78.9,169.9,359705761,T
405.0,250.5,359705777,T
603.4,415.9,359705805,T
727.9,340.5,359705851,T
727.9,340.5,359705867,T
727.9,340.5,359705896,T
729.3,338.8,359705912,T
809.3,239.9,359705943,T
846.5,194.0,359705970,T
864.9,171.3,359705986,T
515.5,745.4,359706046,T
392.9,583.3,359706077,T
501.6,374.0,359706091,T
530.7,423.6,359706120,T
587.5,427.0,359706135,T
642.7,426.0,359706167,T
647.8,424.5,359706213,T
647.8,424.5,359706256,T
529.2,510.7,359706315,T
554.2,373.7,359706349,T
626.5,187.9,359706361,T
599.1,444.4,359706392,T
587.4,545.1,359706406,T
579.4,496.5,359706436,T
578.4,340.3,359706451,T
496.9,265.3,359706527,T
490.3,245.5,359706541,T
568.8,354.7,359706571,T
608.3,453.5,359706588,T
594.4,511.0,359706617,T
561.8,600.9,359706661,T
576.9,570.9,359706676,T
20.4, 73.3,359706692,T
-76.3,-31.5,359706706,T
29.1,126.5,359706720,T
-95.3,-29.8,359706736,T
-33.1, 44.0,359706752,T
11.8, 95.1,359706766,T
227.2,438.3,359706797,T
206.5,402.8,359706812,T
312.4,545.3,359706842,T
296.7,527.5,359706856,T
-81.1, 27.8,359706871,T
-77.9, 32.9,359706886,T
-54.8, 65.5,359706901,T
-127.7,-29.5,359706916,T
-100.1, 10.9,359706948,T
-188.6,-107.7,359706961,T
-157.8,-65.1,359706978,T
34.1,195.5,359706992,T
84.1,260.6,359707022,T
157.5,356.7,359707036,T
418.1,705.6,359707066,T
526.4,875.0,359707112,T
525.2,874.4,359707126,T
472.4,1011.8,359707156,T
497.4,1002.0,359707173,T
495.8,959.7,359707201,T
484.5,973.3,359707215,T
285.8,659.2,359707247,T
228.3,584.9,359707261,T
116.4,433.3,359707292,T
113.1,416.0,359707306,T
116.9,418.0,359707336,T
117.3,400.7,359707351,T
122.1,369.3,359707395,T
-86.8, 50.4,359707410,T
-118.6,  3.8,359707428,T
-81.3, 59.6,359707441,T
-170.3,-72.2,359707456,T
-4.7,174.5,359707472,T
-19.1,106.6,359707485,T
-25.5, 87.5,359707500,T
-22.6, 91.0,359707515,T
-20.3, 90.0,359707546,T
-20.9, 88.7,359707561,T
-16.1, 96.3,359707575,T
254.1,423.8,359707593,T
284.7,459.9,359707606,T
303.2,474.8,359707620,T
333.8,507.7,359707638,T
466.1,665.7,359707652,T
546.7,763.6,359707667,T
636.2,863.0,359707699,T
633.4,857.8,359707711,T
463.7,647.9,359707726,T
384.6,550.3,359707743,T
291.6,450.6,359707755,T
218.3,367.4,359707770,T
217.4,368.0,359707787,T
217.0,369.5,359707801,T
215.0,372.4,359707816,T
214.2,372.1,359707847,T
214.7,372.4,359707862,T
215.6,371.0,359707876,T
216.1,370.4,359707890,T
223.2,386.9,359707906,T
225.0,391.6,359707922,T
223.6,397.1,359707937,T
214.1,398.9,359707951,T
215.5,400.9,359707967,T
218.9,407.8,359707996,T
219.4,405.6,359708012,T
225.4,394.3,359708026,T
224.7,389.2,359708041,T
385.3,529.7,359708059,T
534.1,681.5,359708071,T
582.4,730.6,359708085,T
634.9,805.5,359708102,T
601.4,887.9,359708115,T
663.2,826.3,359708147,T
645.7,767.2,359708176,T
624.7,700.1,359708191,T
596.7,628.9,359708223,T
610.7,661.1,359708236,T
635.1,624.6,359708265,T
630.0,560.7,359708298,T
584.4,425.6,359708312,T
563.3,371.5,359708355,T
564.2,375.3,359708385,T
250.9,203.8,359708401,T
181.5,172.2,359708418,T
148.1,147.6,359708446,T
175.9,193.4,359708461,T
175.7,204.6,359708476,T
165.5,207.4,359708491,T
174.8,207.8,359708507,T
171.2,201.6,359708522,T
159.7,155.5,359708537,T
69.4, 88.3,359708553,T
16.0, 26.9,359708565,T
-206.1,-96.4,359708597,T
-131.3,-55.0,359708610,T
-88.7,-16.3,359708626,T
-101.4,181.7,359708642,T
-28.5,196.1,359708657,T
42.9,193.8,359708672,T
-38.5,175.1,359708686,T
-16.1,121.6,359708701,T
305.0,116.2,359708761,T
314.5, 62.4,359708775,T
469.4,146.5,359708805,T
479.5,156.0,359708821,T
538.7,164.3,359708851,T
578.3,144.8,359708866,T
696.7,174.0,359708897,T
710.0,252.8,359708911,T
712.3,267.5,359708957,T
697.0,302.6,359708971,T
612.0,221.5,359709001,T
574.5,221.3,359709048,T
627.9,-33.7,359709075,T
660.4,-109.8,359709091,T
671.5,-136.0,359709123,T
664.3,-153.9,359709136,T
660.8,-136.3,359709165,T
667.3,-66.8,359709227,T
568.0, 18.2,359709241,T
505.7, 88.3,359709258,T
531.0,105.6,359709271,T
461.7,161.1,359709286,T
384.4,135.9,359709302,T
380.7,135.4,359709317,T
433.0, 98.9,359709348,T
420.0,118.4,359709363,T
413.5, 88.2,359709391,T
407.8,149.9,359709407,T
416.9,187.4,359709435,T
431.7,222.5,359709452,T
436.4,259.9,359709497,T
436.3,258.5,359709510,T
428.8,147.1,359709527,T
455.4,255.5,359709541,T
459.5,202.0,359709556,T
459.8,198.0,359709587,T
480.0,173.1,359709601,T
503.5,225.0,359709646,T
501.3,202.8,359709676,T
511.7,163.7,359709690,T
540.8, 12.1,359709705,T
503.4,137.9,359709720,T
517.0,126.3,359709736,T
462.1,331.9,359709750,T
462.8,341.4,359709765,T
480.3,371.2,359709799,T
492.8,395.7,359709811,T
449.1,432.0,359709840,T
445.5,430.6,359709857,T
426.5,417.8,359709887,T
447.6,452.5,359709947,T
374.2,400.9,359709976,T
378.8,300.0,359709991,T
458.9,168.3,359710006,T
363.1,288.6,359710020,T
352.0,303.2,359710037,T
328.0,296.1,359710066,T
255.1,323.8,359710096,T
231.5,316.1,359710110,T
230.9,367.4,359710127,T
256.2,358.8,359710141,T
299.6,385.4,359710155,T
286.2,369.8,359710173,T
290.8,349.5,359710186,T
228.5,285.7,359710201,T
166.4,231.7,359710216,T
70.5,117.3,359710246,T
123.6,139.8,359710262,T
115.1,203.4,359710277,T
26.8,150.5,359710291,T
76.7,190.6,359710307,T
101.4,249.0,359710321,T
23.0,167.4,359710335,T
27.4,185.1,359710352,T
-35.9,149.0,359710366,T
26.3,252.7,359710397,T
95.8,371.9,359710410,T
-37.0,192.7,359710425,T
16.0,276.1,359710443,T
-13.1,225.5,359710455,T
-20.0,209.3,359710470,T
38.1,309.0,359710487,T
69.5,338.4,359710499,T
13.7,266.3,359710516,T
157.1,423.6,359710545,T
32.7,285.6,359710562,T
65.1,315.8,359710577,T
125.2,388.5,359710590,T
4.6,245.6,359710607,T
6.3,244.5,359710622,T
-26.4,194.8,359710634,T
-37.3,179.6,359710652,T
70.7,300.8,359710666,T
335.1,627.2,359710711,T
314.3,609.3,359710725,T
63.9,305.3,359710740,T
85.1,334.7,359710757,T
158.1,426.0,359710770,T
-13.7,211.1,359710786,T
8.7,242.3,359710803,T
-24.1,206.4,359710815,T
-3.6,251.8,359710848,T
73.5,358.8,359710859,T
-131.9, 99.0,359710877,T
-94.2,146.3,359710891,T
0.2,258.1,359710906,T
-146.9, 56.5,359710920,T
-135.9, 70.9,359710936,T
-57.6,167.6,359710949,T
-192.8,-15.2,359710966,T
-44.9,193.8,359710995,T
-68.2,181.0,359711011,T
26.7,303.9,359711026,T
105.9,403.9,359711040,T
149.1,428.9,359711056,T
184.6,414.1,359711071,T
169.4,431.8,359711085,T
164.5,436.6,359711101,T
156.4,440.3,359711116,T
150.9,439.7,359711147,T
140.3,444.0,359711162,T
143.6,441.5,359711176,T
193.8,401.4,359711207,T
178.5,412.9,359711222,T
185.6,400.3,359711235,T
186.9,395.3,359711251,T
188.1,385.5,359711265,T
183.3,380.8,359711300,T
175.4,378.9,359711311,T
174.3,377.6,359711325,T
171.9,376.6,359711341,T
47.0,256.4,359711355,T
-145.5, 70.7,359711371,T
-229.2,-12.4,359711385,T
-134.1, 91.7,359711401,T
-93.5,136.6,359711415,T
66.5,370.3,359711448,T
134.7,400.3,359711490,T
86.1,371.7,359711507,T
-25.0,141.0,359711521,T
-134.8, -2.2,359711537,T
-154.0,-31.4,359711550,T
-217.0,-109.3,359711566,T
-269.7,-181.1,359711598,T
21.4,140.9,359711624,T
130.9,262.6,359711640,T
216.2,327.4,359711670,T
505.6,632.8,359711716,T
677.9,817.9,359711746,T
666.6,762.1,359711760,T
615.5,695.7,359711776,T
196.9,301.5,359711792,T
78.6,189.6,359711805,T
78.0,188.0,359711821,T
158.6,273.6,359711835,T
199.0,290.3,359711851,T
387.1,391.0,359711865,T
150.5,256.9,359711896,T
158.7,265.2,359711911,T
268.1,237.1,359711927,T
247.8,245.7,359711940,T
324.2,230.5,359711956,T
448.3,302.8,359711972,T
447.5,313.1,359711985,T
385.9,275.3,359712000,T
385.7,280.8,359712016,T
414.1,298.4,359712047,T
448.1,300.5,359712062,T
441.2,301.3,359712076,T
405.1,332.1,359712091,T
461.7,324.5,359712106,T
447.7,326.8,359712137,T
465.9,333.3,359712151,T
449.6,340.6,359712164,T
463.1,366.9,359712196,T
429.4,382.0,359712210,T
421.0,380.7,359712225,T
444.8,372.4,359712244,T
416.7,380.9,359712255,T
395.0,386.4,359712272,T
451.8,383.5,359712286,T
440.0,386.5,359712300,T
412.0,385.4,359712315,T
319.0,382.6,359712347,T
443.7,397.9,359712376,T
432.6,394.1,359712389,T
424.8,389.6,359712406,T
438.1,387.3,359712421,T
406.0,373.7,359712434,T
409.1,382.7,359712450,T
449.9,400.1,359712466,T
466.3,396.9,359712511,T
443.9,396.3,359712524,T
360.1,352.7,359712540,T
415.3,371.4,359712556,T
367.5,353.6,359712569,T
354.9,352.2,359712587,T
427.0,383.2,359712601,T
416.1,383.1,359712614,T
441.6,386.0,359712647,T
464.1,386.0,359712659,T
424.4,364.8,359712675,T
381.6,335.7,359712692,T
437.8,364.9,359712705,T
355.0,323.3,359712721,T
379.9,336.3,359712737,T
425.5,360.6,359712749,T
479.7,400.0,359712797,T
510.1,424.4,359712826,T
497.6,435.7,359712839,T
493.3,429.5,359712871,T
489.5,410.4,359712884,T
460.1,403.2,359712917,T
445.7,431.5,359712960,T
446.6,435.2,359712974,T
449.0,493.2,359713007,T
445.8,496.9,359713021,T
462.4,520.4,359713037,T
477.2,489.8,359713064,T
488.1,487.3,359713108,T
539.6,526.5,359713125,T
557.6,639.2,359713156,T
571.3,654.0,359713173,T
571.6,595.9,359713201,T
573.4,575.1,359713216,T
533.1,561.3,359713246,T
495.6,557.8,359713260,T
455.1,565.4,359713275,T
418.4,559.7,359713289,T
379.8,544.4,359713306,T
308.7,513.5,359713322,T
287.0,493.5,359713334,T
268.8,446.9,359713351,T
213.0,469.5,359713800,T
273.2,525.4,359713815,T
290.2,411.9,359713847,T
295.3,417.2,359713860,T
275.1,431.6,359713873,T
255.7,402.5,359713890,T
247.5,304.4,359713907,T
248.5,319.1,359713919,T
227.1,349.1,359713936,T
193.5,342.3,359713953,T
124.2,211.5,359713964,T
114.6,181.5,359713996,T
79.1,160.6,359714011,T
41.7,118.0,359714024,T
72.7, 71.9,359714041,T
-134.1,-56.6,359714056,T
-143.5,-61.8,359714070,T
-10.4,-31.9,359714086,T
-2.9,-31.5,359714100,T
-104.2,-63.5,359714115,T
132.0,-43.4,359714147,T
521.9, 26.4,359714175,T
412.6,  5.4,359714191,T
275.4, -7.0,359714208,T
-3.6,-36.6,359714222,T
161.6,-73.0,359714236,T
112.9,-61.8,359714251,T
337.6,-42.7,359714265,T
129.3,-97.7,359714297,T
123.1,-13.6,359714327,T
4.0,-76.5,359714340,T
-74.5,-41.2,359714356,T
120.0, 73.0,359714371,T
-45.1,-24.0,359714386,T
50.2,131.4,359714415,T
471.3,652.3,359714447,T
380.4,543.9,359714460,T
433.4,596.3,359714476,T
222.2,364.1,359714493,T
318.3,480.3,359714507,T
179.7,292.2,359714522,T
-40.9, 41.6,359714536,T
-87.4, -1.4,359714551,T
45.2, 96.7,359714565,T
2.4, 45.5,359714595,T
109.1,132.3,359714610,T
-3.8, 26.7,359714628,T
79.3,111.9,359714640,T
64.8,107.9,359714657,T
-106.6, 11.2,359714671,T
-5.9, 99.5,359714685,T
34.5,138.6,359714701,T
-99.9, 45.3,359714718,T
13.2,157.6,359714747,T
-89.9, 71.0,359714761,T
54.9,184.5,359714775,T
80.7,205.7,359714791,T
-88.2, 94.2,359714806,T
-70.1,104.4,359714820,T
-28.0,131.5,359714836,T
-166.0, 27.3,359714851,T
-56.8,110.0,359714865,T
-116.5, 69.0,359714897,T
3.8,166.0,359714911,T
-22.1,149.2,359714925,T
-146.5, 57.6,359714940,T
-98.8,115.0,359714955,T
4.4,210.3,359714970,T
131.4,268.7,359714986,T
-17.6,124.4,359715002,T
-1.4,114.1,359715015,T
141.2,217.7,359715046,T
136.4,216.8,359715061,T
140.9,223.1,359715076,T
129.1,213.5,359715091,T
159.9,243.3,359715105,T
153.9,234.5,359715122,T
129.4,210.2,359715136,T
167.8,206.5,359715151,T
-60.0, 17.2,359715166,T
299.0,248.7,359715197,T
437.5,351.9,359715226,T
607.4,472.1,359715243,T
703.8,538.0,359715273,T
426.1,337.0,359715286,T
356.1,289.1,359715303,T
79.6, 86.4,359715316,T
142.9,121.7,359715361,T
227.4,142.9,359715375,T
-79.5,-55.9,359715390,T
45.5,  9.0,359715407,T
133.9, 58.4,359715420,T
505.6,348.9,359715436,T
445.5,312.6,359715452,T
233.4,188.1,359715464,T
252.6,226.0,359715496,T
140.7,148.7,359715510,T
159.1,161.7,359715526,T
93.9,119.2,359715540,T
-123.5,-25.7,359715555,T
-26.2, 27.6,359715570,T
26.3, 76.8,359715586,T
-94.8, 13.7,359715602,T
624.3,550.9,359715660,T
615.5,322.3,359715677,T
642.6,400.8,359715707,T
674.6,-34.3,359715720,T
685.0,-43.0,359715753,T
705.9,-69.9,359715766,T
716.6,-108.0,359715797,T
725.0,-80.4,359715840,T
725.6,-80.3,359715855,T
729.9,-105.8,359715886,T
728.6,-110.1,359715901,T
717.3,-41.2,359715977,T
704.6,-86.7,359715991,T
677.3,-166.4,359716021,T
652.8,-124.9,359716036,T
657.0,-111.7,359716066,T
649.7,-59.3,359716112,T
651.2,-88.8,359716127,T
685.7,-112.3,359716155,T
673.8,-72.6,359716171,T
670.3,-66.1,359716201,T
690.8,-102.6,359716216,T
676.0,-148.2,359716247,T
626.9,-139.2,359716261,T
627.1,-126.6,359716290,T
647.3,-75.7,359716305,T
637.7,-77.8,359716336,T
649.5,  8.0,359716351,T
580.1,  9.2,359716397,T
604.3,  5.5,359716428,T
638.8,-13.1,359716441,T
629.3,-48.0,359716471,T
618.2,-50.9,359716485,T
612.7, 39.9,359716517,T
613.3,116.3,359716561,T
598.8,206.3,359716576,T
567.5,207.9,359716591,T
556.0,199.8,359716605,T
497.8, 82.7,359716620,T
470.4, 69.1,359716635,T
361.4, 49.3,359716652,T
134.0,-13.4,359716666,T
-11.3,-53.9,359716697,T
37.2,-44.9,359716712,T
93.0,-23.6,359716727,T
97.4,-18.8,359716741,T
62.0,-37.2,359716755,T
62.3,-32.9,359716773,T
49.4,-27.3,359716786,T
60.0,-32.4,359716803,T
66.3,-47.6,359716817,T
54.8,-44.4,359716846,T
59.7,-64.6,359716861,T
56.1,-84.5,359716875,T
51.7,-106.1,359716892,T
58.3,-118.6,359716905,T
55.9,-120.4,359716921,T
113.2, 39.0,359716936,T
106.1, 18.4,359716951,T
105.8, 17.6,359716966,T
127.8, 75.9,359716997,T
129.2, 74.2,359717011,T
117.4, 58.7,359717025,T
75.7, 14.7,359717041,T
60.4, -1.3,359717057,T
-86.4,-76.6,359717071,T
-72.3,-72.7,359717085,T
-30.4,-55.9,359717101,T
70.1,-35.1,359717116,T
73.5,-43.1,359717146,T
85.3,-55.7,359717160,T
78.4,-64.2,359717176,T
71.3,-65.6,359717190,T
75.4,-67.1,359717205,T
66.4,-80.4,359717220,T
60.0,-93.5,359717237,T
-40.6,-119.0,359717251,T
-107.3,-160.5,359717266,T
-60.7,-157.1,359717297,T
18.1,-148.3,359717311,T
28.0,-147.2,359717327,T
-68.9,-24.0,359717340,T
-3.7,-52.1,359717356,T
28.0,122.8,359717370,T
184.9,229.9,359717387,T
152.4,214.2,359717401,T
168.4,227.3,359717416,T
211.3,260.5,359717448,T
179.3,238.0,359717463,T
143.8,178.7,359717478,T
99.0, 86.7,359717490,T
84.1,-52.0,359717508,T
77.9,-124.7,359717521,T
51.2,-122.0,359717536,T
48.4,-119.9,359717552,T
60.6,-96.1,359717566,T
54.0,-115.0,359717597,T
-127.1,-111.6,359717611,T
-40.8,-93.1,359717625,T
-157.4,-107.6,359717640,T
-111.5,-86.9,359717656,T
114.0,-89.8,359717671,T
77.2,-82.1,359717685,T
66.3,-65.3,359717703,T
67.0,-65.8,359717717,T
132.3,-73.8,359717747,T
112.4,-49.9,359717760,T
190.9,-45.4,359717776,T
102.8,-67.8,359717790,T
257.8,-76.9,359717804,T
144.6,-72.6,359717821,T
109.5,-66.7,359717837,T
162.5,-69.4,359717850,T
5.2,-56.3,359717866,T
12.1,  8.2,359717897,T
-165.4,-63.3,359717913,T
-9.0, -8.4,359717925,T
14.3,  8.1,359717940,T
-168.9,-19.8,359717955,T
-148.1,-13.4,359717971,T
-123.0, -9.2,359717985,T
-99.3, -6.6,359718001,T
36.2,-41.1,359718016,T
73.2,-45.6,359718046,T
86.9,-36.0,359718060,T
138.2, 62.1,359718076,T
124.9, 65.0,359718091,T
143.8,-16.4,359718106,T
-172.7,-81.3,359718120,T
-173.5,-42.5,359718136,T
-223.8,-76.3,359718165,T
-115.6,-26.0,359718197,T
289.0,-30.3,359718226,T
314.2,356.3,359718527,T
380.7,121.0,359718541,T
355.3, -5.9,359718570,T
369.9,-19.9,359718585,T
342.2, 46.9,359718603,T
162.9,-36.9,359718616,T
88.7,-59.6,359718647,T
-111.0,-68.2,359718661,T
-35.7, -4.6,359718677,T
-25.3,  7.8,359718691,T
-194.9, -7.9,359718706,T
-178.4,  4.0,359718721,T
-128.2, 21.2,359718736,T
-211.6,-41.5,359718750,T
-188.3,-19.7,359718766,T
-55.6, 47.4,359718797,T
42.2,172.4,359718810,T
73.2,194.5,359718825,T
81.4,202.9,359718840,T
105.5,213.1,359718856,T
99.8,234.1,359718870,T
98.6,290.9,359718916,T
588.8,617.6,359718959,T
14.2,162.5,359718991,T
113.7,285.2,359719005,T
29.7,184.8,359719022,T
36.7,191.7,359719037,T
141.9,245.6,359719050,T
-114.6,-32.4,359719066,T
-75.4, 22.9,359719097,T
-101.8,  5.3,359719110,T
-28.9, 80.7,359719125,T
71.8,177.1,359719141,T
-100.4, 40.5,359719155,T
-157.6,-12.0,359719171,T
-43.8,136.1,359719185,T
-161.9, 10.1,359719200,T
-113.5, 64.1,359719216,T
-71.6,109.8,359719247,T
19.6,214.6,359719261,T
134.2,182.0,359719276,T
-17.5, 29.6,359719292,T
142.2,128.8,359719306,T
184.5,171.9,359719320,T
55.2, 74.5,359719334,T
171.3,193.3,359719351,T
116.5,161.9,359719367,T
156.3,202.4,359719397,T
145.9,251.6,359719411,T
-109.4,  0.2,359719425,T
-57.8, 54.8,359719441,T
26.1,171.0,359719455,T
-86.0, 59.6,359719470,T
-17.4,139.5,359719486,T
32.1,186.2,359719500,T
-111.4, 55.4,359719515,T
-155.2, 14.6,359719547,T
-71.5, 94.7,359719561,T
116.0,264.0,359719576,T
159.3,250.0,359719591,T
165.3,242.6,359719605,T
166.8,236.2,359719622,T
159.2,243.7,359719635,T
143.2,253.3,359719650,T
130.7,269.7,359719666,T
-118.4,  0.2,359719696,T
-162.9,-48.2,359719711,T
-122.8, -9.2,359719726,T
-52.0, 67.3,359719741,T
-78.0, 35.9,359719755,T
-37.4, 75.9,359719772,T
65.1,179.6,359719785,T
145.3,216.6,359719801,T
161.0,212.6,359719815,T
490.8,464.3,359719848,T
288.8,300.7,359719891,T
626.9,435.9,359719965,T
585.4,545.2,359719998,T
1067.7,184.1,359720234,T
801.5,750.0,359720309,T
748.2,617.6,359720326,T
623.6,648.0,359720342,T
611.2,590.0,359720356,T
582.3,610.3,359720370,T
537.1,505.7,359720386,T
523.7,476.7,359720401,T
497.4,313.8,359720415,T
493.4,348.5,359720447,T
478.3,289.9,359720460,T
471.5,252.8,359720475,T
506.6,336.8,359720490,T
518.8,366.7,359720506,T
579.9,481.3,359720520,T
594.2,496.4,359720536,T
619.7,525.7,359720550,T
642.1,542.8,359720566,T
644.3,504.8,359720597,T
644.1,497.5,359720612,T
644.1,502.7,359720625,T
640.7,506.6,359720641,T
633.3,492.2,359720671,T
633.8,484.6,359720687,T
633.2,487.1,359720715,T
-248.2,-124.7,359720746,T
-180.8,-79.8,359720760,T
-277.7,-150.0,359720776,T
-154.5,-75.5,359720790,T
8.0, 30.1,359720805,T
90.5, 86.4,359720820,T
96.6, 91.8,359720835,T
223.1,163.2,359720866,T
434.1,288.1,359720896,T
564.5,353.7,359720910,T
635.2,389.7,359720942,T
408.1,258.1,359720957,T
350.6,226.7,359720970,T
-264.6,-116.7,359720985,T
-186.0,-72.4,359721001,T
-111.3,-19.6,359721015,T
-64.1, 15.0,359721046,T
-69.2,  8.2,359721060,T
361.3,279.1,359721091,T
117.2,132.3,359721120,T
139.2,148.3,359721136,T
-1.2, 63.4,359721152,T
122.4, 49.9,359721199,T
-43.3, -3.1,359721211,T
31.2, -4.3,359721225,T
97.5,  1.1,359721240,T
169.9, 26.3,359721271,T
321.5, 79.3,359721286,T
432.7,140.7,359721301,T
504.0,188.7,359721316,T
527.0,218.3,359721347,T
316.5,139.2,359721361,T
366.2,154.9,359721375,T
-150.2,-20.6,359721390,T
-101.5, -5.4,359721406,T
-80.0,  0.4,359721420,T
-144.9,-32.3,359721435,T
-79.5,-57.0,359721450,T
-63.3,-65.5,359721465,T
409.4,-87.4,359721496,T
204.1,-101.7,359721510,T
366.9,-101.1,359721540,T
209.4,-128.0,359721558,T
355.6,-115.6,359721570,T
258.1,-158.4,359721600,T
423.0,-155.2,359721648,T
423.5,-153.3,359721660,T
479.7,-91.9,359721690,T
321.9,-53.0,359721750,T
147.4,-21.9,359721765,T
-38.5,-121.5,359721810,T
56.6,-141.9,359721826,T
70.6,-143.8,359721840,T
70.9,-143.2,359721855,T
97.0,-143.9,359721873,T
92.1,-141.6,359721885,T
89.2,-140.5,359721901,T
77.6,-135.6,359721915,T
-251.4,-136.4,359721946,T
-130.9,-128.4,359721960,T
-31.9,-75.3,359721976,T
246.9, 24.5,359722005,T
446.2,114.9,359722020,T
517.5,238.6,359722050,T
534.9,379.7,359722099,T
520.6,331.2,359722110,T
211.9,-45.2,359722140,T
199.1,-55.5,359722156,T
300.3,-33.2,359722171,T
318.7,-30.9,359722185,T
264.6,-33.7,359722201,T
249.4,-46.6,359722216,T
229.1,-58.5,359722246,T
191.0,-57.9,359722260,T
121.2,-42.8,359722275,T
102.8,-42.9,359722291,T
-98.4,-81.1,359722305,T
-122.0,-88.0,359722320,T
7.0,-82.8,359722335,T
-148.2,-75.1,359722350,T
-94.5,-68.3,359722366,T
-154.0,-43.4,359722396,T
-30.0,-21.4,359722411,T
-36.3,-14.4,359722425,T
369.4,130.0,359722456,T
94.9, 58.0,359722471,T
316.5,140.1,359722515,T
679.4,-179.0,359722547,T
251.0,-115.6,359722574,T
288.8,-113.0,359722590,T
154.7,-90.9,359722606,T
-173.0,-59.1,359722620,T
289.9,-75.5,359722636,T
184.3,-82.9,359722650,T
106.8,-89.3,359722665,T
-251.8,-122.5,359722697,T
-269.1,-137.1,359722710,T
122.3,-115.5,359722726,T
82.3,-111.9,359722741,T
-77.9,-117.7,359722757,T
-0.1,-113.2,359722770,T
102.5,-115.5,359722785,T
2.3,-118.8,359722799,T
231.2,-105.8,359722818,T
91.1,-153.0,359722846,T
346.7,-117.2,359722862,T
103.6,-153.3,359722875,T
47.6,-162.2,359722890,T
359.0,-76.2,359722906,T
258.6,-101.9,359722920,T
354.5,-87.8,359722951,T
457.5, 31.4,359722966,T
610.2,130.5,359722996,T
597.8,224.0,359723040,T
645.1,179.0,359723055,T
615.4,150.5,359723085,T
638.3,122.5,359723147,T
645.4,118.9,359723177,T
685.2,318.7,359723191,T
689.3,359.2,359723220,T
710.5,408.2,359723236,T
712.9,426.8,359723249,T
713.5,444.3,359723265,T
721.9,511.4,359723296,T
717.7,522.0,359723310,T
710.9,557.5,359723355,T
712.1,559.1,359723370,T
677.5,660.2,359723385,T
682.3,644.9,359723400,T
673.3,661.6,359723416,T
419.1,382.9,359723462,T
443.2,414.5,359723474,T
260.7,282.6,359723508,T
381.2,404.4,359723520,T
550.9,581.0,359723535,T
453.2,435.7,359723550,T
548.8,469.9,359723565,T
472.3,448.7,359723595,T
604.5,483.6,359723609,T
415.5,383.0,359723626,T
351.9,373.3,359723639,T
480.7,470.1,359723656,T
415.9,463.9,359723670,T
402.8,510.8,359723684,T
398.5,520.1,359723700,T
368.5,527.7,359723716,T
376.7,404.7,359723748,T
359.4,383.7,359723761,T
308.0,341.1,359723774,T
67.2,119.8,359723790,T
318.5,303.5,359723806,T
-32.6, 57.0,359723819,T
68.3,135.4,359723834,T
78.1,163.9,359723850,T
95.8,203.7,359723864,T
267.2,204.4,359723898,T
470.5,352.9,359723911,T
298.3,176.9,359723925,T
285.5,124.6,359723940,T
395.7,175.0,359723956,T
461.5,160.7,359723970,T
305.3,122.9,359723986,T
283.7,168.9,359724000,T
293.8,194.3,359724014,T
288.7,204.0,359724047,T
297.3,195.6,359724061,T
349.3,118.7,359724075,T
405.9, 95.7,359724090,T
438.8, 64.8,359724105,T
171.7, 46.2,359724120,T
275.4, 39.3,359724135,T
273.4, 38.9,359724153,T
213.7,  5.2,359724168,T
351.0,  7.3,359724196,T
453.8, -5.4,359724211,T
344.3, 11.3,359724225,T
285.7, 23.3,359724240,T
232.4, 29.8,359724255,T
287.5, 29.8,359724272,T
330.6, -2.5,359724285,T
239.5, 31.1,359724300,T
282.5, 39.1,359724315,T
252.3, 44.6,359724348,T
281.6, 30.5,359724360,T
286.3, 32.0,359724375,T
232.9,-37.1,359724391,T
252.5,-47.2,359724405,T
293.3,-20.6,359724420,T
196.1,-74.6,359724437,T
246.2,-67.7,359724450,T
309.0,-56.5,359724466,T
438.4,-33.6,359724496,T
452.4,-32.5,359724510,T
267.1,-48.7,359724527,T
389.4,-47.4,359724541,T
416.7,-95.3,359724554,T
196.4,-118.3,359724571,T
235.4,-123.3,359724585,T
301.7,-123.9,359724600,T
177.1,-147.4,359724615,T
254.0,-144.2,359724647,T
162.0,-153.4,359724661,T
254.1,-125.8,359724674,T
280.9,-116.7,359724689,T
127.8,-133.9,359724706,T
212.3,-124.8,359724719,T
244.1,-119.9,359724734,T
129.5,-131.9,359724750,T
194.2,-124.3,359724764,T
146.9,-119.3,359724796,T
84.6,-86.8,359724812,T
229.6,-113.2,359724824,T
257.0,-110.2,359724840,T
317.2,-123.5,359724855,T
314.8,-96.4,359724870,T
234.9,-61.3,359724886,T
275.3,-25.2,359724900,T
335.4,-69.7,359724917,T
412.1,-121.1,359724946,T
419.0,-107.9,359724962,T
338.9,-115.3,359724976,T
345.2,-100.5,359724990,T
311.3,-115.5,359725004,T
185.3,-107.6,359725022,T
100.9,-96.7,359725037,T
172.6,-101.8,359725052,T
207.1,-105.6,359725067,T
383.1,-115.2,359725096,T
374.4,-116.1,359725111,T
381.8,-123.5,359725124,T
385.9,-116.3,359725140,T
311.4,-134.2,359725154,T
100.7,-128.3,359725170,T
166.0,-125.8,359725186,T
97.6,-130.3,359725200,T
237.6,-136.1,359725215,T
179.8,-132.2,359725247,T
96.0,-109.5,359725260,T
163.4,-79.2,359725275,T
250.6,-57.8,359725290,T
217.4, -8.1,359725305,T
265.1,-11.9,359725320,T
208.0, 44.4,359725337,T
198.9, 55.8,359725350,T
203.9, 59.5,359725364,T
319.2,-38.8,359725396,T
193.4, 92.2,359725428,T
240.0,122.5,359725441,T
211.4,187.9,359725457,T
304.1,210.7,359725471,T
201.1,236.9,359725484,T
182.0,250.4,359725500,T
218.2,237.8,359725517,T
325.9,194.7,359725545,T
238.2,157.3,359725561,T
168.2,141.1,359725576,T
304.2,146.8,359725589,T
176.2, 46.0,359725606,T
5.0, -1.1,359725620,T
127.7, -3.3,359725635,T
89.2,-18.6,359725650,T
-15.6, -6.7,359725666,T
-8.1,-13.8,359725698,T
-89.6, -0.4,359725710,T
-25.4,  5.4,359725726,T
52.8,-14.0,359725741,T
-102.0,-28.5,359725757,T
5.0,-41.1,359725770,T
33.7,-54.3,359725786,T
-100.1,-52.9,359725799,T
-56.0,-63.2,359725815,T
-51.0,-26.2,359725847,T
106.3,-61.8,359725860,T
39.1,-18.7,359725875,T
133.9,329.2,359725891,T
149.9,291.3,359725904,T
296.6,248.4,359725921,T
165.9,195.0,359725936,T
173.7,161.8,359725950,T
140.8,134.7,359725965,T
146.7,164.9,359725996,T
214.6,198.0,359726010,T
27.6,122.2,359726026,T
72.7,138.4,359726039,T
80.6,141.8,359726055,T
-38.0,139.2,359726069,T
34.4,154.8,359726084,T
70.5,193.0,359726101,T
-18.1,168.8,359726115,T
-40.8,184.4,359726147,T
-64.0,164.3,359726160,T
-53.3,156.8,359726175,T
105.2,202.9,359726190,T
84.1,228.2,359726205,T
217.6,280.0,359726220,T
258.8,322.1,359726236,T
296.6,346.4,359726250,T
318.5,363.8,359726264,T
195.3,347.0,359726296,T
229.0,360.4,359726310,T
172.9,337.0,359726325,T
150.6,331.8,359726339,T
313.4,410.1,359726354,T
466.6,467.4,359726370,T
409.8,394.9,359726385,T
490.8,386.8,359726400,T
442.1,366.9,359726415,T
418.7,310.2,359726445,T
213.3,202.2,359726460,T
228.1,215.1,359726475,T
385.6,297.7,359726489,T
308.4,253.1,359726506,T
326.2,245.4,359726520,T
387.1,277.1,359726537,T
99.6,110.2,359726552,T
142.7,109.8,359726596,T
169.9,129.5,359726610,T
443.4,180.7,359726626,T
325.1,149.6,359726641,T
162.5,107.8,359726656,T
334.8, 85.4,359726669,T
296.6, 74.3,359726685,T
67.0, 27.3,359726700,T
50.0, 19.6,359726715,T
21.2, -3.3,359726745,T
38.2, -0.6,359726760,T
34.8,  2.1,359726776,T
-123.0, 55.9,359726790,T
-54.0, 55.3,359726804,T
715.4,165.6,359727134,T
715.4,165.6,359727165,T
128.8, 50.4,359727196,T
-158.9, -6.1,359727209,T
-15.9, 23.3,359727225,T
8.4, 33.0,359727254,T
-60.6, 11.7,359727271,T
192.9, 73.1,359727284,T
-128.8, -1.8,359727299,T
51.7, 58.6,359727316,T
102.7, 71.9,359727346,T
131.2, 81.0,359727362,T
137.4,101.8,359727375,T
115.0,104.6,359727391,T
91.3, 96.4,359727406,T
35.0, 76.5,359727419,T
375.2, -9.8,359727436,T
344.5, 93.9,359727450,T
317.6, 98.8,359727465,T
326.8,101.2,359727496,T
227.8,181.2,359727510,T
314.0,189.4,359727525,T
320.1,224.4,359727541,T
245.7,215.2,359727555,T
525.5,353.3,359727569,T
559.4,365.3,359727585,T
337.5,332.2,359727600,T
330.8,331.6,359727616,T
294.1,328.3,359727646,T
343.2,365.0,359727660,T
397.8,451.2,359727675,T
212.6,163.7,359727689,T
208.6,164.5,359727708,T
25.7,121.4,359727721,T
63.4,122.2,359727734,T
32.0,101.4,359727749,T
-92.2, 57.7,359727766,T
-24.0, 77.2,359727796,T
-92.5, 56.5,359727810,T
34.6, 78.2,359727825,T
71.3, 80.7,359727840,T
-31.9, 60.5,359727856,T
26.0, 53.8,359727872,T
45.4, 52.4,359727885,T
-66.1, 15.3,359727901,T
-42.1, 18.5,359727915,T
-103.0, 12.9,359727947,T
-9.5, 29.2,359727960,T
-14.0, 29.7,359727975,T
-118.9, 26.4,359727990,T
-134.8, 35.3,359728005,T
-0.7, 49.3,359728020,T
-6.4, 56.0,359728035,T
-97.1, 43.2,359728051,T
-44.6, 39.2,359728066,T
9.8, 30.0,359728110,T
-133.9, 12.9,359728125,T
-149.3, 39.1,359728141,T
20.2, 23.3,359728154,T
-36.4, 32.9,359728170,T
-77.6, 33.6,359728184,T
45.9, 23.6,359728200,T
-4.5, 23.3,359728216,T
31.6, 25.7,359728246,T
-0.1, 18.9,359728260,T
-66.9,  0.8,359728275,T
-42.4,  4.6,359728290,T
-87.0, -6.5,359728305,T
-128.0, -6.3,359728319,T
-1.5, 11.3,359728334,T
-52.5, 11.5,359728349,T
-73.2, 15.7,359728366,T
125.3, 63.8,359728396,T
28.2, 64.9,359728410,T
66.5, 76.5,359728425,T
127.3, 70.3,359728440,T
78.2, 66.1,359728454,T
-2.8, 61.9,359728471,T
23.9, 52.4,359728486,T
-143.4,-19.3,359728500,T
-128.6,-36.3,359728515,T
-147.5,-39.2,359728546,T
-97.3,-20.1,359728562,T
-67.6, -5.0,359728576,T
-34.3,  3.1,359728590,T
-59.6, -8.3,359728604,T
35.1, 14.5,359728620,T
86.2, 55.7,359728635,T
101.0, 49.9,359728666,T
74.5, 70.2,359728697,T
-222.3,-83.7,359728710,T
-135.2,-42.2,359728725,T
375.2,254.6,359728755,T
525.8,342.1,359728770,T
556.5,353.0,359728801,T
515.6,235.3,359728847,T
535.4,225.0,359728891,T
560.9,126.4,359728936,T
548.4,222.6,359729026,T
-380.4,-86.6,359729054,T
-10.1, 68.5,359729070,T
13.6, 27.5,359729085,T
-77.6,-12.7,359729099,T
72.8, 42.0,359729115,T
72.5, 36.9,359729145,T
155.9, 60.4,359729161,T
85.5, 53.1,359729175,T
-22.7, 15.8,359729191,T
395.8,166.4,359729205,T
345.5,135.8,359729222,T
162.7, 73.3,359729234,T
281.4,108.3,359729249,T
240.3,113.5,359729265,T
246.2,124.2,359729297,T
249.0,125.5,359729310,T
203.9,110.2,359729325,T
349.8,159.0,359729342,T
232.5, 94.3,359729354,T
48.9, 12.1,359729370,T
137.3, 47.7,359729384,T
137.9, 75.6,359729399,T
167.2, 90.1,359729415,T
249.8,143.9,359729460,T
328.1,159.7,359729475,T
423.2, 82.7,359729491,T
362.8, 65.9,359729506,T
250.9, 32.5,359729523,T
163.1,  7.6,359729537,T
286.3,  8.2,359729550,T
337.0, 22.9,359729566,T
383.5,-58.4,359729596,T
387.6,-66.9,359729610,T
366.5,-62.8,359729625,T
298.9,-60.7,359729642,T
217.8,-57.0,359729655,T
167.8,-58.4,359729670,T
87.2,-51.4,359729684,T
83.0,-52.7,359729700,T
52.1,-46.7,359729714,T
79.0,-16.0,359729746,T
47.4,-70.0,359729760,T
45.2,-74.5,359729776,T
54.1,-40.8,359729791,T
69.5, 17.2,359729806,T
68.2, 14.6,359729820,T
73.7, 34.7,359729836,T
66.0, 16.6,359729851,T
52.0,  7.1,359729864,T
59.1, 21.8,359729896,T
58.2, 20.7,359729912,T
45.5, -1.6,359729925,T
36.6,-16.3,359729940,T
59.7, 94.2,359729956,T
66.4,143.2,359729971,T
69.8,172.6,359729985,T
70.6,173.8,359730000,T
71.9,182.4,359730016,T
72.2,180.1,359730046,T
72.4,178.2,359730060,T
73.9,188.4,359730075,T
77.3,212.2,359730090,T
80.0,230.7,359730106,T
47.5,  1.0,359730121,T
42.6,-23.2,359730135,T
40.8,-19.7,359730151,T
30.4,-33.0,359730165,T
18.1,-83.2,359730197,T
18.6,-83.2,359730210,T
36.3,-67.2,359730225,T
38.3,-65.7,359730241,T
39.6,-57.2,359730254,T
29.5,-48.8,359730269,T
30.5,-51.2,359730286,T
29.9,-47.5,359730300,T
36.9,-45.8,359730314,T
68.7, 13.6,359730345,T
-153.8,-68.5,359730360,T
806.4,472.3,359730646,T
598.4,351.4,359730660,T
553.5,284.4,359730675,T
521.7,239.3,359730704,T
525.4,244.8,359730719,T
503.3,319.5,359730735,T
512.1,280.0,359730750,T
496.3,276.5,359730765,T
462.3,208.9,359730809,T
366.7,-94.5,359730826,T
271.4,-105.0,359730840,T
320.8,-113.1,359730854,T
180.1,-152.4,359730870,T
-49.1,-144.0,359730885,T
-134.9,-134.3,359730899,T
-49.1,-148.5,359730915,T
-5.3,-150.5,359730946,T
29.3,-147.8,359730960,T
84.7,-136.4,359730975,T
215.7,-26.6,359730990,T
207.8, 54.0,359731019,T
358.1,155.7,359731034,T
484.4,226.8,359731050,T
299.1,206.6,359731064,T
232.7,193.3,359731095,T
380.5,198.3,359731109,T
221.9,151.2,359731140,T
149.8,142.0,359731155,T
447.2,330.9,359731170,T
415.5,323.0,359731186,T
-1.4,138.8,359731201,T
80.4,185.4,359731214,T
90.6,186.8,359731248,T
315.9,250.0,359731261,T
290.4,222.3,359731276,T
304.2,219.7,359731290,T
414.6,341.3,359731304,T
493.8,387.8,359731320,T
339.2,323.0,359731335,T
429.1,427.0,359731350,T
391.2,408.2,359731365,T
326.5,357.4,359731396,T
238.3,287.2,359731410,T
218.0,241.8,359731428,T
413.0,290.3,359731440,T
209.0,194.9,359731456,T
259.6,219.6,359731469,T
375.1,273.9,359731484,T
241.6,213.8,359731499,T
261.5,211.0,359731515,T
214.4,182.4,359731547,T
184.9,164.1,359731560,T
115.0,118.8,359731575,T
106.2,111.5,359731590,T
-20.6, 43.7,359731605,T
290.0,193.6,359731619,T
180.1,136.2,359731634,T
113.3, 71.5,359731649,T
333.7,163.1,359731666,T
350.0,171.8,359731697,T
449.3,220.7,359731710,T
322.9,152.8,359731725,T
296.1,130.5,359731740,T
439.5, 60.0,359731755,T
307.2, 15.6,359731771,T
-1.7,-48.6,359731785,T
12.6,-38.2,359731800,T
22.5,-80.2,359731814,T
-14.1,-99.0,359731845,T
16.4,-102.2,359731859,T
-124.1,-110.0,359731875,T
-70.3,-111.2,359731889,T
-145.9,-105.9,359731906,T
-67.2,-83.7,359731935,T
183.0,-44.4,359731949,T
447.5,-20.5,359731997,T
439.8,-41.1,359732025,T
444.8,-33.6,359732042,T
441.5,-41.0,359732057,T
491.4,-36.6,359732071,T
488.1,-39.6,359732085,T
494.5,-42.8,359732114,T
497.9,-44.1,359732145,T
122.0,-32.1,359732175,T
-131.0,-34.0,359732190,T
35.6,-41.9,359732221,T
123.3, 62.5,359732264,T
441.5,143.5,359732295,T
267.7,172.2,359732309,T
437.9,-62.3,359732339,T
452.9,-40.6,359732356,T
403.9,-111.1,359732384,T
406.1,-107.9,359732400,T
457.8, 27.8,359732414,T
50.0,-170.5,359732446,T
40.2,-159.0,359732460,T
10.8,-149.8,359732474,T
217.0,-48.4,359732492,T
618.8,224.9,359732714,T
376.4, 34.4,359732790,T
376.4, 34.4,359732805,T
216.4, 40.7,359732821,T
168.2, 45.7,359732835,T
155.3, 68.4,359732850,T
114.9, 68.1,359732865,T
110.9,-14.9,359732896,T
55.9, 23.6,359732909,T
101.4, 41.4,359732924,T
111.4, 39.2,359732942,T
-6.8,132.0,359732955,T
7.6,130.9,359732971,T
37.1, 67.6,359732984,T
64.2,  7.3,359732999,T
94.8,-64.5,359733016,T
95.9,-63.7,359733046,T
81.0,-62.7,359733059,T
83.3,-57.6,359733074,T
75.3,-66.1,359733091,T
70.2,-69.4,359733106,T
69.1,-67.2,359733121,T
61.3,-49.2,359733134,T
64.0,-46.5,359733150,T
73.8,-10.9,359733165,T
129.1, 14.9,359733198,T
113.2, 38.3,359733210,T
19.4, 97.1,359733225,T
81.9,144.0,359733241,T
-12.3,181.8,359733255,T
43.4,184.0,359733272,T
73.2,107.6,359733286,T
-55.1, 68.5,359733300,T
-11.2, 47.9,359733315,T
38.5, 12.9,359733346,T
103.7, 69.3,359733360,T
128.0, 87.1,359733375,T
126.6, 96.0,359733391,T
83.9, 74.9,359733405,T
131.1,100.9,359733420,T
134.0,108.5,359733435,T
134.5,122.0,359733451,T
133.4,130.1,359733465,T
132.7,134.9,359733495,T
97.0,  2.7,359733510,T
107.7, -6.4,359733525,T
76.2, -3.3,359733540,T
85.5, -6.8,359733555,T
-88.8, 27.9,359733571,T
-79.1, 22.8,359733584,T
-35.6,  6.0,359733601,T
-109.3, 49.4,359733616,T
-66.1, 23.8,359733647,T
-86.8, 43.4,359733661,T
-64.8, 30.5,359733674,T
-45.0, 16.2,359733690,T
-129.6, 69.0,359733705,T
-61.6,105.2,359733720,T
-38.8,121.5,359733735,T
-86.7,125.7,359733749,T
-61.0, 58.7,359733764,T
-18.7, 36.5,359733796,T
-8.8, 19.1,359733810,T
12.5,-13.1,359733825,T
-49.4,-20.4,359733840,T
-39.9,-24.2,359733855,T
-11.0,-26.3,359733870,T
-119.7, -4.2,359733884,T
-113.9,  2.4,359733899,T
-97.1,  9.8,359733915,T
247.9,163.7,359733948,T
271.7,178.5,359733961,T
243.9,176.4,359733974,T
213.1,155.7,359733989,T
225.1,170.6,359734007,T
213.5,147.5,359734022,T
181.8,111.8,359734035,T
198.7,149.1,359734050,T
136.5, 98.0,359734066,T
123.2, 90.5,359734095,T
153.2,107.6,359734110,T
-13.2, 51.2,359734125,T
-13.1, 55.6,359734140,T
-86.3, 34.9,359734155,T
-144.5, 12.0,359734171,T
-31.9, 63.6,359734185,T
-74.2, 41.9,359734199,T
-37.1, 66.7,359734214,T
-33.5, 67.4,359734261,T
2.5, 89.1,359734274,T
284.1,317.0,359734289,T
190.5,201.0,359734306,T
247.3,238.1,359734320,T
316.9,303.9,359734335,T
296.2,300.4,359734350,T
-61.6, 56.6,359734365,T
129.5,151.8,359734396,T
122.4,143.7,359734409,T
-174.3,-31.8,359734424,T
-12.2,124.9,359734439,T
29.5,162.2,359734454,T
363.2,385.9,359734472,T
341.7,348.0,359734485,T
262.8,304.3,359734500,T
488.6,373.7,359734515,T
418.6,304.5,359734546,T
514.7,372.5,359734560,T
421.6,282.9,359734574,T
275.4,196.2,359734591,T
206.2,154.7,359734620,T
174.0,147.1,359734636,T
176.5,145.2,359734665,T
192.1,153.6,359734710,T
190.7,152.2,359734725,T
180.4,137.3,359734755,T
178.4,135.2,359734772,T
164.0,147.7,359734799,T
168.7,159.7,359734815,T
170.4,155.0,359734846,T
171.0,145.9,359734859,T
162.1,107.9,359734889,T
161.9, 96.6,359734905,T
150.1, 69.0,359734935,T
140.2, 60.9,359734950,T
135.0, 49.5,359734995,T
145.8, 29.5,359735024,T
188.9, 38.7,359735039,T
287.9,106.9,359735069,T
530.5,167.7,359735115,T
512.1, 94.9,359735146,T
513.5, 98.2,359735159,T
451.1, -8.9,359735173,T
179.3,-10.4,359735189,T
134.6,  4.7,359735222,T
125.6,  1.4,359735237,T
338.6,-94.9,359735250,T
313.4,-60.4,359735265,T
156.1, 41.0,359735296,T
175.7, 27.4,359735310,T
208.4,  4.0,359735327,T
241.1,-19.7,359735339,T
288.9,-51.7,359735355,T
405.2,-128.1,359735372,T
370.1,-111.9,359735385,T
341.5,-100.3,359735400,T
339.6,-99.5,359735415,T
326.2,-99.8,359735445,T
270.3,-72.1,359735460,T
246.4,-48.9,359735474,T
368.7,-71.7,359735489,T
342.1,-40.3,359735506,T
315.2,-28.8,359735522,T
338.4,-39.6,359735534,T
322.3,-36.0,359735551,T
330.1,-57.7,359735565,T
268.4,-45.1,359735596,T
330.0,-71.9,359735610,T
354.6,-97.5,359735624,T
322.7,-94.5,359735640,T
379.6,-150.7,359735655,T
400.0,-169.3,359735669,T
408.7,-176.8,359735686,T
410.6,-178.8,359735699,T
404.4,-181.0,359735714,T
409.0,-163.1,359735745,T
276.9,-87.0,359735759,T
199.8,-40.1,359735774,T
246.0,-69.4,359735789,T
321.6,-103.2,359735806,T
234.7,-38.4,359735820,T
238.2,-34.8,359735835,T
304.8,-77.1,359735849,T
305.9,-76.8,359735865,T
351.0,-101.6,359735896,T
293.6,-64.6,359735911,T
293.7,-62.3,359735925,T
299.0,-68.5,359735939,T
152.7,  1.2,359735955,T
91.3, 37.3,359735969,T
67.6, 47.7,359735985,T
102.6, 25.4,359736002,T
156.8, -3.6,359736015,T
406.5,290.7,359736074,T
104.6,420.2,359736509,T
237.4,167.9,359736524,T
237.4,167.9,359736541,T
235.8,188.5,359736555,T
262.0,114.9,359736570,T
242.2,144.1,359736585,T
225.4,168.8,359736599,T
257.6,126.1,359736615,T
-76.9, 92.1,359736645,T
-80.0, 87.6,359736660,T
-69.5, 85.5,359736675,T
44.3, 40.8,359736690,T
-64.1, 53.9,359736704,T
15.3, 25.8,359736721,T
78.0, 10.7,359736735,T
116.3, -0.3,359736750,T
134.7, -9.1,359736765,T
137.2,-32.0,359736796,T
135.6,-36.7,359736810,T
138.5,-19.5,359736827,T
124.9,-47.4,359736839,T
209.2,-82.3,359736854,T
292.2,-112.6,359736870,T
333.3,-133.5,359736885,T
340.7,-138.0,359736900,T
374.9,-150.3,359736914,T
370.2,-146.9,359736946,T
371.9,-148.7,359736959,T
158.1,-146.0,359736974,T
63.9,-63.6,359736990,T
50.4,-53.6,359737005,T
50.6,-56.2,359737020,T
45.7,-47.6,359737036,T
46.0,-33.7,359737050,T
44.7,-13.8,359737066,T
33.9,  5.3,359737096,T
32.2,  7.3,359737109,T
24.9, 28.6,359737124,T
22.9, 37.4,359737139,T
166.5,129.0,359737154,T
311.1,-34.0,359737185,T
317.3,-90.7,359737200,T
348.3,-17.0,359737246,T
371.4,-20.4,359737275,T
391.3,-21.8,359737289,T
405.4,-17.0,359737334,T
427.8, -4.5,359737396,T
411.5,-20.0,359737424,T
410.1,-15.6,359737471,T
468.4, 40.3,359737515,T
470.2,234.1,359737546,T
472.3,399.4,359737560,T
468.9,386.2,359737575,T
460.1,285.4,359737589,T
460.2,283.5,359737604,T
466.0,282.3,359737621,T
463.0,201.7,359737650,T
459.3,198.0,359737665,T
572.7,236.1,359737696,T
585.2,252.1,359737709,T
774.2,326.8,359738072,T
774.2,326.8,359738084,T
774.2,326.8,359738101,T
774.2,326.8,359738145,T
774.2,326.8,359738161,T
774.0,325.2,359738176,T
599.1, 86.6,359738189,T
561.1, 73.5,359738204,T
543.8, 67.1,359738219,T
536.2, 77.8,359738235,T
397.7, 30.8,359738264,T
432.4, 41.5,359738296,T
384.8, 17.8,359738309,T
349.6,  4.9,359738324,T
106.7,-47.7,359738339,T
-9.7,-83.2,359738354,T
23.4,-79.0,359738370,T
140.5,-56.1,359738387,T
337.3,-66.2,359738399,T
374.5,-77.2,359738417,T
-177.8,-117.6,359738445,T
233.6,-84.4,359738459,T
208.3, 59.8,359738475,T
254.8, 32.9,359738489,T
159.2, 76.1,359738504,T
270.7,124.3,359738521,T
276.7,133.4,359738535,T
305.6,136.5,359738550,T
383.8,139.5,359738567,T
414.4,171.8,359738596,T
415.2,184.5,359738610,T
428.1,202.8,359738626,T
467.5,253.1,359738642,T
466.2,270.4,359738655,T
336.8,269.4,359738669,T
390.8,313.1,359738685,T
365.1,303.4,359738700,T
334.9,309.5,359738715,T
379.3,340.0,359738746,T
422.3,368.9,359738761,T
486.2,369.5,359738777,T
489.5,367.1,359738790,T
487.3,358.3,359738804,T
472.2,350.4,359738819,T
470.6,352.8,359738835,T
469.8,358.2,359738851,T
473.2,342.4,359738867,T
482.1,374.7,359738895,T
498.7,392.3,359738910,T
504.0,404.5,359738924,T
495.5,403.8,359738939,T
560.6,436.4,359738954,T
568.1,437.5,359738969,T
539.6,399.8,359738984,T
510.9,398.4,359739001,T
484.3,390.5,359739016,T
476.6,365.2,359739046,T
475.2,373.9,359739061,T
469.8,346.6,359739073,T
468.8,362.9,359739089,T
467.9,357.5,359739105,T
465.4,351.9,359739119,T
458.7,366.2,359739135,T
497.5,392.6,359739150,T
515.5,418.1,359739164,T
493.3,407.9,359739196,T
527.2,477.1,359739225,T
445.0,355.3,359739254,T
226.7,212.4,359739284,T
281.2,263.7,359739299,T
405.0,345.2,359739315,T
389.4,330.2,359739344,T
570.0,389.2,359739359,T
491.6,324.8,359739389,T
512.3,324.8,359739404,T
622.2,533.0,359739419,T
594.9,471.9,359739433,T
607.4,480.4,359739449,T
629.4,526.8,359739466,T
663.0,584.3,359739496,T
625.9,492.5,359739510,T
649.5,480.5,359739539,T
634.8,494.2,359739554,T
434.3,432.1,359739568,T
154.6,351.8,359739584,T
298.9,391.2,359739602,T
139.1,385.3,359739613,T
185.5,382.9,359739646,T
257.4,405.4,359739659,T
322.7,413.8,359739674,T
320.5,416.6,359739690,T
353.0,415.6,359739704,T
412.7,435.1,359739721,T
329.4,392.2,359739736,T
296.0,370.6,359739748,T
274.7,325.4,359739765,T
215.7,250.7,359739795,T
220.7,269.1,359739809,T
211.7,249.3,359739825,T
212.4,245.6,359739840,T
447.5,240.3,359739854,T
394.5,212.6,359739871,T
369.2,212.2,359739885,T
525.3,310.0,359739900,T
472.2,302.0,359739915,T
518.3,343.2,359739945,T
455.1,322.5,359739960,T
321.2,212.5,359739974,T
439.7,242.6,359739989,T
353.6,191.8,359740005,T
290.8,167.2,359740019,T
437.6,275.8,359740037,T
506.4,310.8,359740049,T
510.8,341.4,359740065,T
444.3,378.8,359740096,T
298.5,302.9,359740110,T
495.9,431.4,359740126,T
340.2,345.0,359740139,T
360.5,290.2,359740154,T
454.0,305.6,359740169,T
354.6,248.4,359740185,T
321.2,222.5,359740199,T
438.0,253.5,359740215,T
477.4,247.2,359740245,T
532.8,267.5,359740260,T
427.2,220.9,359740275,T
318.8,171.4,359740290,T
448.3,215.2,359740304,T
293.5,151.9,359740320,T
327.6,175.9,359740334,T
425.1,224.7,359740349,T
313.7,196.8,359740365,T
232.8,188.5,359740396,T
-22.5,114.0,359740410,T
290.1,204.9,359740425,T
240.1,194.6,359740440,T
181.1,179.7,359740485,T
230.8,-181.1,359740666,T
421.8,247.2,359740710,T
424.6,201.6,359740725,T
355.2,210.1,359740739,T
201.7,143.1,359740754,T
195.9,135.6,359740769,T
222.4,145.6,359740784,T
229.9,162.4,359740801,T
183.6,168.1,359740815,T
188.6,153.2,359740846,T
188.0,156.5,359740859,T
188.3,164.8,359740874,T
188.2,150.7,359740889,T
188.3,135.5,359740905,T
297.2, 96.4,359740919,T
355.9, 66.9,359740934,T
387.1, 36.9,359740950,T
407.2, 19.8,359740965,T
428.6, 19.6,359740997,T
427.4, 24.3,359741010,T
419.8,  0.5,359741024,T
418.5, -4.4,359741040,T
418.9, -4.4,359741056,T
433.6,-22.0,359741070,T
435.8,-30.6,359741100,T
430.4,-36.6,359741116,T
436.2,-45.1,359741158,T
418.5,-51.8,359741174,T
410.0,-59.3,359741189,T
410.5,-61.9,359741204,T
411.3,-61.3,359741222,T
413.4,-48.0,359741236,T
409.2,-46.2,359741250,T
407.0,-47.0,359741265,T
405.6,-45.4,359741296,T
403.8,-46.8,359741310,T
397.2,-61.2,359741324,T
393.2,-59.6,359741338,T
424.1,-100.3,359741370,T
241.5,-32.2,359741385,T
180.7,-12.0,359741400,T
207.2,-44.1,359741415,T
173.8,-32.0,359741448,T
179.7,  1.6,359741461,T
-73.2, 12.1,359741474,T
-52.3, 65.3,359741491,T
51.5,103.8,359741505,T
120.2,139.6,359741521,T
-5.4,107.4,359741534,T
32.8, 86.5,359741549,T
81.2, 99.1,359741565,T
105.3,125.3,359741596,T
118.4,137.2,359741610,T
90.6,122.3,359741624,T
-58.3, 48.2,359741640,T
-36.8, 58.2,359741656,T
70.3, 49.3,359741669,T
82.9, 48.9,359741684,T
66.4, 22.9,359741699,T
45.5, 21.2,359741715,T
60.9, 13.2,359741746,T
36.2, 11.9,359741761,T
-83.7, 12.0,359741774,T
-52.6, 11.6,359741790,T
-172.7, -3.5,359741804,T
-118.0,  8.7,359741820,T
-88.9, 17.2,359741835,T
-176.4,  8.5,359741851,T
-145.5,  7.2,359741864,T
-116.6, 40.2,359741897,T
45.5, 14.3,359741909,T
59.3, 18.6,359741924,T
-44.5, 51.1,359741939,T
-2.7,-18.1,359741955,T
24.2,-28.6,359741970,T
-27.8, 46.3,359741986,T
8.6, 52.6,359742000,T
16.3, 50.8,359742014,T
122.8, 86.3,359742046,T
136.8, 93.0,359742059,T
79.9,100.4,359742075,T
104.6, 92.2,359742089,T
123.7, 66.0,359742104,T
168.1, 20.9,359742120,T
177.7,  7.2,359742136,T
130.5, 17.2,359742149,T
111.4,  4.0,359742164,T
-178.7,  4.3,359742196,T
-95.2,  2.9,359742210,T
20.3,-22.4,359742226,T
-112.7,-103.6,359742239,T
-79.8,-99.1,359742255,T
-9.7,-32.1,359742270,T
-105.0,-105.2,359742284,T
-134.6,-117.1,359742299,T
-2.6, 40.1,359742315,T
33.8, 96.2,359742346,T
72.5,130.5,359742361,T
103.4,149.0,359742374,T
204.7,217.2,359742389,T
295.7,233.2,359742405,T
260.0,242.3,359742419,T
261.5,233.4,359742435,T
300.6,212.3,359742450,T
296.0,208.1,359742464,T
295.6,162.2,359742496,T
279.1,145.6,359742509,T
122.8, 73.1,359742526,T
159.6,102.1,359742540,T
296.7,175.1,359742570,T
317.2,212.3,359742585,T
328.8,223.5,359742615,T
329.3,220.9,359742646,T
340.8,224.4,359742662,T
388.6,410.2,359742674,T
353.9,361.0,359742688,T
238.3,181.8,359742705,T
336.2,328.8,359742720,T
300.9,270.4,359742734,T
312.0,294.5,359742750,T
301.5,296.0,359742764,T
482.7,575.0,359742796,T
432.1,501.8,359742809,T
333.7,372.3,359742826,T
266.7,272.7,359742840,T
367.4,334.2,359742853,T
390.7,365.1,359742884,T
405.3,401.8,359742899,T
269.3,320.3,359742914,T
375.5,421.3,359742945,T
198.2,285.2,359742958,T
143.9,242.2,359742975,T
304.4,356.9,359742988,T
432.5,435.1,359743004,T
419.6,411.4,359743020,T
271.9,357.9,359743033,T
316.9,377.0,359743051,T
329.4,387.6,359743065,T
301.9,372.0,359743095,T
320.3,384.2,359743110,T
262.0,328.2,359743123,T
189.5,230.8,359743139,T
198.1,149.4,359743156,T
-132.0,-29.2,359743168,T
-43.7,  3.0,359743185,T
-12.5,  7.9,359743199,T
-88.2, -8.3,359743213,T
-106.9,-10.5,359743246,T
-90.8, 12.4,359743261,T
402.3,146.9,359743273,T
359.2,137.6,359743292,T
267.0,118.2,359743304,T
7.3, 60.6,359743319,T
67.6, 47.5,359743334,T
142.4, 66.7,359743349,T
183.4, 33.3,359743365,T
342.5, 32.1,359743396,T
359.5, 35.7,359743410,T
440.9, 36.1,359743425,T
254.3, 28.7,359743439,T
294.3,-29.5,359743456,T
245.7,-26.0,359743470,T
181.8,-22.6,359743484,T
262.7,-64.8,359743499,T
259.8,-38.1,359743515,T
319.5,  8.0,359743545,T
295.6, 28.1,359743559,T
215.1,107.0,359743574,T
414.8,175.7,359743589,T
366.4,168.2,359743604,T
276.6,144.4,359743621,T
361.9,174.4,359743634,T
267.1,149.9,359743649,T
314.8,136.6,359743664,T
337.7,148.5,359743696,T
217.3, 33.7,359743711,T
234.2,-55.8,359743723,T
195.4,-55.5,359743740,T
133.7,-50.7,359743755,T
233.1,-81.8,359743768,T
218.9,-80.5,359743785,T
243.0,-85.6,359743801,T
303.5,-97.9,359743814,T
228.3,-68.8,359743845,T
287.9,-81.5,359743858,T
192.5,-51.3,359743874,T
169.5,-52.7,359743891,T
251.3,-63.0,359743905,T
198.2,-56.8,359743919,T
-33.4,-29.7,359743934,T
10.0,-35.1,359743948,T
-2.0, -7.3,359743965,T
-126.9, 11.4,359743995,T
20.7, 38.6,359744009,T
-8.5, 25.6,359744024,T
-72.1,-18.7,359744041,T
-66.8,-24.8,359744054,T
53.5,-31.8,359744070,T
-36.7, -7.9,359744084,T
-13.5, -6.7,359744099,T
124.7, -3.1,359744116,T
155.2,  1.2,359744146,T
159.2,-24.1,359744160,T
26.4,  8.4,359744174,T
55.7, 12.3,359744189,T
100.4, 27.4,359744204,T
123.4, 39.7,359744235,T
164.9, 66.1,359744249,T
577.0,119.0,359744296,T
293.9,111.2,359744308,T
383.4,106.6,359744324,T
221.0,-41.1,359744341,T
96.3,-27.8,359744354,T
259.9,  8.9,359744370,T
215.5,  2.0,359744385,T
39.8,-20.8,359744399,T
58.4,-15.6,359744415,T
-2.8,-13.6,359744445,T
109.7,-30.9,359744461,T
120.3,-37.2,359744475,T
0.5,-52.2,359744489,T
192.5,-38.4,359744504,T
91.6, 19.5,359744521,T
-13.5, 15.9,359744534,T
77.6, 55.5,359744549,T
14.8, 68.3,359744564,T
83.7,119.6,359744595,T
404.4,355.8,359744611,T
598.8,509.0,359744639,T
584.8,522.6,359744654,T
586.2,532.3,359744685,T
609.4,577.2,359744699,T
589.9,569.3,359744745,T
555.1,628.0,359744775,T
571.9,638.8,359744790,T
571.1,651.9,359744820,T
571.1,654.9,359744834,T
554.1,719.5,359744864,T
569.1,680.8,359744910,T
555.3,713.3,359744924,T
528.2,679.6,359744955,T
534.0,691.3,359744970,T
543.0,697.9,359744999,T
549.5,726.9,359745015,T
558.4,785.0,359745045,T
557.8,809.1,359745060,T
551.0,818.0,359745092,T
542.0,833.9,359745104,T
539.6,833.8,359745121,T
532.8,860.0,359745134,T
520.3,883.6,359745151,T
561.0,880.3,359745164,T
603.6,863.9,359745198,T
633.4,887.4,359745209,T
646.3,898.4,359745225,T
643.1,904.6,359745254,T
409.9,677.8,359745496,T
618.9,674.9,359745525,T
662.9,774.2,359745539,T
628.6,700.5,359745553,T
645.7,755.2,359745569,T
601.7,856.9,359745584,T
615.4,875.6,359745616,T
600.2,861.7,359745645,T
615.6,630.7,359745659,T
622.4,564.6,359745675,T
650.6,496.3,359745689,T
644.7,502.0,359745704,T
639.3,511.6,359745720,T
675.7,414.9,359745734,T
692.7,360.8,359745748,T
623.4,317.5,359745765,T
271.5,193.5,359745812,T
209.1,164.5,359745826,T
347.4,238.5,359745838,T
186.8,139.7,359745869,T
355.5,220.6,359745885,T
264.8,176.4,359745914,T
671.4,391.1,359745959,T
673.1,394.3,359745973,T
677.7,415.4,359746004,T
679.4,410.3,359746019,T
657.5,370.5,359746034,T
329.7,202.4,359746051,T
519.0,300.5,359746063,T
465.2,269.8,359746095,T
542.6,291.6,359746110,T
508.9,271.0,359746124,T
454.5,248.1,359746139,T
542.6,281.3,359746153,T
282.1,136.7,359746170,T
226.4,108.9,359746183,T
375.1,201.2,359746200,T
205.5,116.0,359746214,T
353.3,201.3,359746245,T
220.7,130.5,359746260,T
263.8,146.4,359746274,T
366.3,185.6,359746288,T
220.0, 98.4,359746304,T
-53.0,-29.4,359746319,T
71.2, 36.2,359746334,T
77.2, 44.7,359746349,T
-44.1,-17.8,359746365,T
-110.3,-47.4,359746396,T
-120.3,-50.8,359746409,T
305.4,149.7,359746424,T
283.1,154.0,359746440,T
217.1,131.1,359746456,T
437.5,250.8,359746468,T
490.8,271.7,359746484,T
291.4,187.9,359746502,T
425.5,253.9,359746514,T
452.6,275.7,359746545,T
479.2,330.8,359746559,T
469.4,406.1,359746577,T
271.3,187.8,359746590,T
380.2,208.3,359746606,T
250.3,170.2,359746634,T
356.2,219.7,359746651,T
118.5, 85.5,359746665,T
209.9,132.4,359746696,T
172.1, 85.4,359746710,T
11.1, 31.6,359746724,T
195.3, -3.7,359746738,T
60.3,-10.1,359746755,T
-108.6,-50.0,359746770,T
-11.3,-55.4,359746785,T
-80.5,-62.1,359746800,T
-56.4,-85.2,359746814,T
-228.2,-71.4,359746845,T
-73.4,-52.5,359746860,T
401.9,-51.0,359746874,T
289.8,-19.8,359746889,T
4.5,-37.7,359746903,T
35.4,-18.9,359746920,T
45.6,-23.9,359746934,T
42.4,-34.0,359746949,T
125.9, 36.3,359746964,T
23.6,  4.7,359747010,T
11.9,  9.3,359747025,T
444.4, 84.8,359747370,T
444.4, 84.8,359747384,T
513.5, 97.3,359747401,T
533.9,105.6,359747461,T
550.7,135.5,359747474,T
572.7,249.6,359747492,T
543.9,251.4,359747504,T
544.1,245.7,359747520,T
544.0,269.8,359747533,T
567.7,335.4,359747549,T
562.2,312.3,359747565,T
576.7,346.1,359747595,T
578.3,356.3,359747610,T
585.6,373.5,359747624,T
624.5,377.8,359747639,T
647.8,365.9,359747655,T
673.5,329.7,359747669,T
681.4,313.3,359747684,T
680.6,309.2,359747700,T
652.1,287.6,359747714,T
673.9,292.5,359747748,T
648.5,283.0,359747760,T
648.1,290.2,359747775,T
659.2,324.2,359747790,T
589.3,304.8,359747804,T
261.1,184.9,359747820,T
453.8,343.2,359747834,T
390.6,302.9,359747849,T
373.0,285.5,359747865,T
284.5,210.3,359747894,T
213.8,140.1,359747911,T
159.6,128.8,359747940,T
145.7,135.4,359747954,T
180.1,106.7,359747987,T
201.7,228.9,359748075,T
189.8, 79.0,359748119,T
360.2,143.8,359748134,T
204.9, 80.6,359748165,T
209.8,134.6,359748210,T
197.0,130.9,359748224,T
451.0,295.4,359748257,T
364.9,253.1,359748299,T
234.5,187.3,359748314,T
158.0,125.3,359748359,T
247.0,166.5,359748391,T
593.8,358.3,359748403,T
520.3,363.4,359748436,T
444.7,364.5,359748449,T
395.7,307.6,359748464,T
373.4,449.2,359748496,T
229.9,207.4,359748524,T
224.6,196.4,359748540,T
-123.2, 27.4,359748555,T
-111.6, 31.3,359748570,T
-22.9, 90.3,359748584,T
-116.2, 32.8,359748600,T
6.4, 43.5,359748614,T
-41.3,  0.2,359748646,T
42.0, 34.9,359748659,T
-70.3,-13.2,359748675,T
-164.5,-38.0,359748690,T
-113.6, -6.7,359748705,T
-22.5, 34.6,359748719,T
-157.3, -5.5,359748734,T
-161.1,  3.9,359748748,T
-69.5, 73.6,359748765,T
132.2, 79.2,359748797,T
154.4, 78.4,359748809,T
-57.5,  1.5,359748825,T
-34.0, 12.3,359748839,T
151.2, 78.6,359748856,T
-60.3, 23.6,359748872,T
-44.6, 41.4,359748884,T
21.2, 59.6,359748898,T
-107.2, 46.2,359748914,T
-6.0, 69.4,359748947,T
-24.2, 69.7,359748959,T
83.1, 48.9,359748974,T
91.0, 47.5,359748991,T
44.6, 15.2,359749005,T
-10.3, -0.7,359749019,T
47.3, 12.9,359749033,T
-108.3,-20.6,359749050,T
-54.7, -5.1,359749064,T
-120.3,-22.5,359749096,T
-209.3,-54.5,359749109,T
-65.7, -2.0,359749125,T
-63.7,  7.6,359749141,T
-15.7,-47.6,359749153,T
-1.5,-43.5,359749169,T
-4.1,-60.4,359749185,T
-102.7,-82.5,359749199,T
-6.0,-27.4,359749214,T
85.4, 52.7,359749245,T
106.6, 76.3,359749259,T
323.4, 68.4,359749276,T
217.4, 92.0,359749290,T
109.1, -7.0,359749303,T
20.4,-19.2,359749319,T
203.3,133.3,359749351,T
341.9,-175.7,359749663,T
393.0,-67.0,359749710,T
518.0, 40.5,359749724,T
575.2,107.3,359749739,T
232.0,103.7,359749753,T
213.7, 81.6,359749769,T
162.5, 60.5,359749784,T
179.8, 27.5,359749799,T
163.9,-10.2,359749817,T
131.2,-72.9,359749845,T
126.9,-68.9,359749859,T
116.4,-72.7,359749874,T
-25.1,-88.9,359749890,T
83.5,-10.8,359749905,T
65.3, 34.1,359749919,T
122.2, 51.8,359749934,T
7.9, 10.8,359749949,T
-140.3,-73.5,359749965,T
96.0, -4.7,359749995,T
113.7,  3.6,359750009,T
148.2, 16.0,359750024,T
40.2,-13.7,359750040,T
149.6, 18.3,359750055,T
156.3, 40.2,359750070,T
172.2, 45.3,359750084,T
190.3, 76.7,359750100,T
192.1, 83.1,359750115,T
197.4, 92.6,359750145,T
194.9, 91.1,359750160,T
250.7,265.6,359750175,T
501.7,399.5,359750190,T
542.6,420.6,359750207,T
495.0,402.3,359750221,T
557.1,452.8,359750235,T
540.6,455.3,359750250,T
523.4,411.7,359750295,T
226.1,203.2,359750325,T
415.8,311.6,359750340,T
121.9,143.5,359750357,T
73.0,118.2,359750370,T
124.9,144.0,359750384,T
113.7,134.9,359750415,T
-243.7,-83.8,359750445,T
-267.8,-98.2,359750459,T
-158.4,-33.3,359750475,T
-225.3,-62.0,359750492,T
-226.9,-59.7,359750504,T
-39.7, 30.0,359750518,T
-7.4, 58.8,359750535,T
-42.3, 54.9,359750549,T
3.6,124.0,359750565,T
101.3,124.6,359750597,T
128.8, 78.6,359750610,T
52.4, 61.4,359750624,T
33.7, 66.2,359750640,T
135.3, 71.1,359750654,T
-26.1,136.3,359750670,T
-48.3,145.6,359750685,T
72.8,149.7,359750698,T
8.8,158.5,359750715,T
14.4,161.2,359750745,T
-34.0,105.5,359750759,T
-24.6, 58.8,359750774,T
-46.1,104.8,359750789,T
-158.0, 47.4,359750805,T
-140.5,-11.0,359750819,T
-119.1, -8.7,359750834,T
-207.1, -6.7,359750852,T
-218.3,-20.3,359750864,T
-266.3,-46.3,359750897,T
-254.0,-43.6,359750910,T
-239.3,-31.1,359750924,T
-255.7,-31.4,359750939,T
-272.6,-34.3,359750954,T
-200.0, 51.8,359750969,T
-195.1, 60.3,359750984,T
-207.2, 46.9,359751014,T
-211.8, 49.6,359751044,T
-219.5, 51.8,359751059,T
-221.5, 50.9,359751075,T
-218.5, 50.2,359751089,T
-204.6, 54.4,359751104,T
-203.2, 54.6,359751119,T
-196.9, 54.7,359751134,T
-181.6, 48.2,359751148,T
-164.0, 43.3,359751164,T
-157.1, 34.3,359751195,T
-151.4, 33.8,359751209,T
-127.5, 30.4,359751224,T
-92.2,  0.9,359751239,T
-86.5, 16.0,359751254,T
-58.6,-20.8,359751269,T
-54.2,-25.0,359751284,T
-11.6,-49.7,359751300,T
1234.6,154.4,359751674,T
513.8, 51.0,359751689,T
110.6, -6.8,359751704,T
205.7, 33.2,359751721,T
235.2, 44.0,359751734,T
29.0, -1.8,359751751,T
106.3,-20.1,359751764,T
234.0,-15.8,359751796,T
359.6,165.6,359751811,T
372.3,195.0,359751826,T
370.3,207.4,359751840,T
415.7,248.3,359751855,T
411.9,261.7,359751871,T
420.3,278.2,359751885,T
438.1,329.8,359751900,T
441.9,316.5,359751914,T
479.9,286.1,359751943,T
482.2,277.1,359751959,T
475.8,284.4,359751974,T
466.2,299.7,359751988,T
461.5,316.1,359752005,T
456.7,324.4,359752021,T
454.5,325.5,359752033,T
448.7,328.3,359752050,T
445.6,357.4,359752065,T
444.6,361.3,359752098,T
450.8,361.6,359752109,T
390.5,358.4,359752123,T
357.0,375.4,359752139,T
349.8,376.6,359752154,T
329.3,377.0,359752168,T
334.3,373.9,359752183,T
306.5,377.0,359752200,T
291.0,375.2,359752213,T
271.7,376.7,359752246,T
262.7,382.6,359752260,T
263.3,382.8,359752275,T
320.5,386.7,359752289,T
323.7,333.1,359752589,T
374.2,215.7,359752605,T
179.5,419.5,359752618,T
212.1,326.0,359752633,T
149.8,266.0,359752649,T
126.6,289.2,359752695,T
263.1,260.6,359752708,T
288.7,269.7,359752725,T
346.7,280.8,359752739,T
324.9,296.4,359752755,T
324.8,303.8,359752770,T
305.7,325.6,359752785,T
298.1,345.2,359752799,T
290.6,348.1,359752815,T
278.3,384.2,359752844,T
280.2,387.7,359752858,T
218.9,382.6,359752875,T
216.6,373.8,359752888,T
252.6,382.7,359752905,T
297.1,336.6,359752919,T
305.8,337.9,359752949,T
316.5,351.3,359752965,T
331.1,367.9,359752995,T
326.4,375.1,359753012,T
319.7,364.9,359753023,T
283.5,328.6,359753039,T
284.7,332.2,359753055,T
281.2,332.8,359753069,T
298.8,297.6,359753084,T
237.3,268.2,359753099,T
189.4,194.8,359753113,T
38.9, 74.3,359753149,T
98.8, 97.2,359753159,T
-149.0, 43.1,359753174,T
-184.2,  7.9,359753189,T
-24.8,147.5,359753204,T
50.0,199.7,359753220,T
-80.2,129.0,359753234,T
-32.6,137.8,359753248,T
6.0,146.1,359753263,T
-284.5,-27.4,359753294,T
-211.4,  3.5,359753308,T
-194.2,-16.4,359753325,T
-83.8, 23.3,359753339,T
-161.7,  5.2,359753354,T
-112.7,-31.1,359753370,T
8.8,  1.8,359753384,T
42.9,  7.2,359753399,T
-56.5,-53.5,359753415,T
14.8,-36.8,359753445,T
489.6,223.9,359753474,T
496.7,227.8,359753489,T
507.7,131.3,359753549,T
520.1,150.0,359753596,T
520.1,150.0,359753624,T
154.0,-36.7,359753639,T
14.6,-23.1,359753670,T
70.0,-43.7,359753684,T
-16.2,-33.2,359753699,T
-109.3, -6.7,359753714,T
-255.1, 13.3,359753744,T
-43.6, -9.5,359753758,T
56.2,  9.4,359753774,T
126.1, 19.2,359753804,T
172.9,103.3,359753820,T
235.6,160.3,359753849,T
245.8,201.3,359753866,T
452.0,124.5,359753895,T
472.5,116.2,359753909,T
475.4,100.7,359753941,T
457.7,110.1,359753955,T
598.8,355.8,359753983,T
596.0,349.0,359753999,T
663.8,504.4,359754046,T
661.3,499.5,359754073,T
635.4,434.8,359754089,T
398.5,602.5,359754120,T
256.5,436.5,359754165,T
-162.1,585.6,359754345,T
151.5, 11.0,359754389,T
196.2,-39.4,359754404,T
277.0,-89.7,359754433,T
234.9,-92.7,359754464,T
324.9,-123.6,359754495,T
90.7,-87.2,359754509,T
13.8,-112.6,359754524,T
43.9,-125.7,359754539,T
195.9,-151.4,359754554,T
190.1,-162.4,359754570,T
169.5,-158.7,359754585,T
145.1,-145.6,359754599,T
119.9,-134.0,359754614,T
110.4,-97.7,359754646,T
90.5,-106.1,359754658,T
109.3,-97.5,359754674,T
85.0,-106.2,359754689,T
108.8,-111.3,359754704,T
228.5,-132.9,359754721,T
392.7,-67.7,359754735,T
316.1,-74.1,359754748,T
279.4,-77.0,359754764,T
536.9, 15.8,359754795,T
563.0, 15.1,359754811,T
588.0, 75.0,359754840,T
598.2,100.3,359754854,T
605.8,115.0,359754885,T
-229.7,-72.4,359754959,T
-61.4, 16.4,359754974,T
-39.1, 28.2,359754990,T
-99.3, -3.6,359755003,T
101.8, 34.9,359755019,T
117.6, 67.4,359755035,T
137.8,106.8,359755064,T
181.0,146.0,359755095,T
179.7,137.7,359755110,T
180.4,141.4,359755124,T
165.5,116.6,359755139,T
157.8,128.5,359755154,T
-88.0, 15.6,359755169,T
-27.0, 19.3,359755184,T
39.0, 36.9,359755198,T
-143.1,-79.6,359755215,T
-45.9,-46.9,359755247,T
-144.9,-98.2,359755259,T
-20.0,-54.3,359755276,T
3.5,-46.0,359755291,T
-153.1,-120.0,359755304,T
-195.3,-138.7,359755319,T
-11.3,-61.2,359755336,T
-73.4,-85.0,359755350,T
-204.4,-144.7,359755364,T
-292.3,-185.8,359755395,T
-317.0,-197.8,359755409,T
-171.7,-139.6,359755426,T
-264.0,-179.2,359755440,T
-264.6,-145.1,359755456,T
-15.7,-48.2,359755469,T
-58.4,-62.0,359755486,T
-16.6,-36.9,359755500,T
5.2,-24.5,359755514,T
95.6, 26.6,359755545,T
138.3, 44.9,359755558,T
140.9, 15.8,359755576,T
139.0,  7.9,359755589,T
134.3,  9.4,359755604,T
122.2, 52.8,359755620,T
122.2, 63.3,359755648,T
106.1, 48.6,359755665,T
91.1, 15.4,359755697,T
84.7, -4.6,359755709,T
90.1, 13.3,359755723,T
89.5,  1.3,359755739,T
104.0,  7.6,359755755,T
-221.9,-81.0,359755783,T
-193.2,-75.4,359755800,T
145.5,  6.8,359755815,T
66.2, -9.6,359755844,T
-60.9,-39.0,359755859,T
384.1, 62.6,359755873,T
363.4, 62.8,359755888,T
-144.0,-157.3,359755919,T
124.0,-29.0,359755936,T
324.6, 47.4,359755994,T
376.2,113.3,359756023,T
437.2,191.1,359756038,T
427.4,328.7,359756070,T
426.7,394.0,359756114,T
425.7,596.8,359756159,T
130.9,106.7,359756205,T
87.4, 66.4,359756235,T
178.7,103.0,359756250,T
137.6, 87.7,359756264,T
174.7,171.2,359756295,T
222.4,197.8,359756309,T
336.3,246.1,359756324,T
303.2,226.9,359756338,T
404.3,280.8,359756354,T
366.1,252.1,359756371,T
336.7,228.0,359756384,T
443.3,288.8,359756398,T
388.7,248.0,359756413,T
425.2,262.4,359756445,T
361.3,214.3,359756460,T
360.5,214.3,359756476,T
473.2,268.4,359756490,T
398.5,224.9,359756506,T
353.2,205.2,359756520,T
426.7,238.4,359756536,T
374.2,213.7,359756549,T
313.1,180.8,359756566,T
489.5,216.4,359756594,T
504.8,223.0,359756609,T
453.1,213.3,359756624,T
485.4,224.7,359756639,T
372.7,159.2,359756654,T
274.6, 89.9,359756669,T
215.7, 21.0,359756684,T
297.2,130.0,359756699,T
324.0,199.1,359756744,T
321.9,267.7,359756969,T
681.6,381.3,359756998,T
490.1,257.6,359757014,T
606.5,305.0,359757046,T
633.9,316.4,359757059,T
522.8,218.8,359757074,T
503.6, 84.5,359757088,T
379.3, 64.7,359757105,T
366.6, 76.9,359757118,T
422.9, 70.8,359757135,T
384.5, 67.3,359757149,T
385.9, 83.0,359757164,T
393.4,126.7,359757195,T
433.6,205.7,359757211,T
533.0,248.0,359757223,T
533.6,262.1,359757239,T
525.0,375.9,359757254,T
599.3,374.1,359757270,T
599.3,391.9,359757285,T
526.8,478.5,359757300,T
507.8,505.3,359757313,T
486.2,542.5,359757342,T
514.2,519.4,359757359,T
516.2,525.0,359757376,T
462.8,539.9,359757388,T
493.9,509.6,359757404,T
506.5,495.9,359757420,T
468.1,506.7,359757432,T
506.5,504.0,359757451,T
482.2,504.9,359757465,T
469.9,494.9,359757509,T
476.7,526.1,359757522,T
366.5,531.2,359757554,T
386.3,528.2,359757569,T
399.4,539.7,359757600,T
447.8,561.5,359757611,T
478.6,500.7,359757657,T
630.0,367.1,359757674,T
574.7,424.1,359757701,T
489.4,537.4,359757746,T
500.4,589.8,359757794,T
670.0,479.5,359757810,T
663.2,423.1,359757854,T
646.3,497.1,359757870,T
658.9,506.6,359757899,T
671.1,514.1,359757914,T
635.9,528.0,359757946,T
617.5,491.4,359757958,T
619.9,512.6,359757990,T
602.6,500.2,359758004,T
609.8,501.8,359758017,T
638.9,534.0,359758034,T
645.8,544.8,359758049,T
656.0,554.5,359758094,T
655.3,541.8,359758107,T
655.8,426.1,359758123,T
655.4,405.5,359758139,T
654.8,368.9,359758184,T
652.7,383.5,359758197,T
685.3,702.7,359758274,T
664.1,755.2,359758287,T
655.8,702.7,359758303,T
656.9,744.2,359758321,T
659.2,717.5,359758332,T
698.3,725.1,359758349,T
682.1,730.2,359758366,T
670.6,705.1,359758396,T
671.9,688.2,359758409,T
673.3,690.0,359758438,T
685.3,672.6,359758453,T
681.2,672.9,359758466,T
673.8,650.8,359758484,T
671.9,637.6,359758499,T
660.3,617.6,359758512,T
649.6,658.8,359758546,T
650.0,628.8,359758556,T
651.0,658.2,359758574,T
680.6,705.0,359758591,T
677.2,685.2,359758603,T
678.3,683.9,359758619,T
661.7,651.3,359758634,T
428.4,614.0,359758646,T
393.3,607.7,359758663,T
377.6,620.7,359758694,T
330.1,606.5,359758708,T
407.8,562.6,359758725,T
403.1,569.3,359758736,T
394.0,571.8,359758754,T
411.9,554.3,359758770,T
414.6,550.2,359758781,T
424.3,491.8,359758799,T
431.1,500.0,359758816,T
485.8,451.8,359758845,T
470.5,399.2,359758860,T
500.1,338.9,359758873,T
477.2,301.7,359758889,T
466.5,298.3,359758905,T
447.1,297.9,359758918,T
424.2,338.2,359758934,T
421.6,336.0,359758949,T
428.3,336.4,359758964,T
327.9,328.7,359758996,T
313.5,335.0,359759024,T
406.8,427.4,359759040,T
448.7,466.1,359759069,T
455.6,426.1,359759084,T
465.9,430.6,359759098,T
504.8,450.1,359759113,T
500.7,472.5,359759158,T
512.2,537.1,359759173,T
420.6,498.1,359759203,T
488.7,556.2,359759218,T
536.5,533.5,359759233,T
553.0,501.9,359759249,T
524.5,444.3,359759263,T
503.3,432.5,359759294,T
502.7,405.8,359759310,T
546.7,402.6,359759323,T
590.9,348.6,359759339,T
612.2,332.2,359759355,T
608.6,333.8,359759383,T
616.4,337.1,359759399,T
438.9,402.6,359759445,T
336.3,401.0,359759473,T
363.3,374.2,359759489,T
344.8,434.5,359759519,T
432.8,274.1,359759534,T
473.7,264.8,359759549,T
361.0,327.1,359759565,T
396.4,280.4,359759595,T
364.6,300.3,359759608,T
419.8,234.6,359759624,T
440.2,237.2,359759639,T
390.9,231.1,359759653,T
459.5,216.1,359759670,T
445.4,245.8,359759683,T
311.0,292.0,359759699,T
375.7,374.3,359759714,T
226.9,338.0,359759744,T
337.4,445.3,359759758,T
463.3,521.1,359759773,T
357.8,468.0,359759788,T
324.7,418.7,359759806,T
254.1,328.0,359759834,T
232.6,275.2,359759849,T
469.2,334.7,359759862,T
127.6,147.9,359759895,T
287.0,224.6,359759908,T
245.1,220.5,359759924,T
323.9,277.1,359759939,T
357.6,303.5,359759954,T
432.4,340.8,359759969,T
564.5,519.4,359759984,T
568.7,392.8,359759999,T
573.0,422.8,359760014,T
523.7,303.1,359760045,T
550.7,199.8,359760059,T
537.7,132.1,359760075,T
545.9,135.7,359760088,T
545.1, 62.7,359760104,T
542.4, 46.9,359760120,T
521.5, -6.5,359760134,T
586.6,107.3,359760149,T
715.8,357.7,359760195,T
563.5,134.9,359760225,T
562.0,134.5,359760239,T
373.8,-94.4,359760270,T
370.9,-103.9,359760284,T
393.7,-74.3,359760300,T
426.8,-32.9,359760315,T
490.3, 41.2,359760359,T
519.2, 72.8,359760375,T
536.8,131.1,359760403,T
518.0,126.4,359760418,T
513.7, 96.3,359760449,T
452.6,  6.2,359760462,T
421.8,-37.1,359760494,T
368.2,-129.5,359760508,T
371.9,-119.8,359760538,T
371.6,-120.9,359760553,T
369.8,-130.4,359760570,T
420.8,-63.2,359760584,T
432.8,-47.4,359760599,T
509.4, 56.0,359760644,T
506.3, 65.4,359760676,T
505.5, 66.5,359760689,T
607.6,204.0,359760718,T
607.5,203.9,359760734,T
589.5,224.8,359760765,T
541.9,233.7,359760808,T
553.2,237.6,359760823,T
385.3,-142.7,359760853,T
374.5,-167.7,359760868,T
407.2,-129.2,359760916,T
400.7,-138.4,359760944,T
461.9, 70.7,359760958,T
419.6, 22.4,359760989,T
423.5, 35.5,359761003,T
373.2,  6.7,359761033,T
371.1, 25.8,359761063,T
400.9, 67.9,359761109,T
354.5,118.9,359761155,T
349.6,111.7,359761169,T
380.0,116.4,359761199,T
461.9,-10.7,359761214,T
449.6,-27.3,359761244,T
412.6,-28.7,359761258,T
191.3,-25.0,359761273,T
223.4,-24.3,359761291,T
113.2,-18.3,359761320,T
135.4,-20.5,359761335,T
96.0,-28.6,359761349,T
120.8,-10.4,359761364,T
6.4, 80.5,359761396,T
180.3, 75.0,359761408,T
193.4, 63.0,359761423,T
190.5, 94.1,359761439,T
217.8, 90.1,359761454,T
240.1, 66.5,359761471,T
271.2, 60.0,359761485,T
316.7, 19.0,359761499,T
291.9, 35.3,359761514,T
187.3,196.2,359761544,T
226.3,125.0,359761573,T
216.9, 99.0,359761590,T
237.1, 87.1,359761619,T
182.9,142.2,359761633,T
199.5,144.1,359761663,T
232.5,263.6,359761708,T
237.2,269.2,359761723,T
206.4,294.1,359761738,T
233.7,273.0,359761754,T
213.0,279.3,359761767,T
203.9,266.8,359761785,T
318.7,104.3,359761799,T
296.4,125.1,359761814,T
330.7,139.0,359761845,T
259.4,244.1,359761858,T
346.5,225.1,359761874,T
374.0,226.1,359761889,T
284.2,283.3,359761903,T
334.5,317.4,359761918,T
353.7,322.4,359761936,T
285.3,325.7,359761948,T
254.7,369.9,359761964,T
222.9,368.8,359761995,T
215.2,398.1,359762010,T
211.6,388.4,359762023,T
207.5,386.6,359762038,T
250.9,467.4,359762054,T
240.3,464.1,359762071,T
219.5,469.0,359762083,T
222.4,484.3,359762099,T
518.4,754.3,359762446,T
487.8,660.8,359762459,T
368.1,556.0,359762473,T
477.5,481.6,359762489,T
471.1,491.2,359762503,T
475.3,494.6,359762535,T
405.2,478.0,359762549,T
413.0,392.9,359762598,T
374.4,384.8,359762607,T
392.4,371.5,359762624,T
432.0,358.1,359762638,T
442.3,355.0,359762651,T
411.3,377.9,359762668,T
451.0,287.4,359762684,T
443.7,322.3,359762697,T
467.5,342.6,359762714,T
468.9,375.6,359762744,T
458.9,353.7,359762759,T
447.7,352.8,359762774,T
454.9,346.4,359762787,T
441.3,446.2,359762803,T
442.6,361.2,359762818,T
496.2,644.8,359762848,T
474.3,489.1,359762864,T
490.4,523.9,359762894,T
510.4,662.2,359762908,T
564.9,582.4,359762922,T
588.7,532.7,359762938,T
609.9,475.1,359762954,T
572.3,501.3,359762968,T
559.8,492.4,359763001,T
536.6,648.3,359763013,T
578.5,522.1,359763045,T
530.0,642.4,359763058,T
445.3,162.6,359763073,T
473.1,270.9,359763089,T
476.5,290.3,359763102,T
527.5,522.3,359763118,T
514.1,457.7,359763134,T
520.7,495.3,359763147,T
474.4,366.6,359763195,T
501.7,438.6,359763208,T
522.3,539.5,359763223,T
541.5,610.7,359763237,T
580.0,748.3,359763253,T
574.4,748.5,359763270,T
571.1,747.7,359763284,T
571.9,743.7,359763300,T
574.3,741.8,359763316,T
567.4,741.7,359763345,T
564.9,740.1,359763358,T
563.9,739.0,359763374,T
557.9,736.3,359763388,T
594.6,559.5,359763404,T
623.0,470.3,359763417,T
554.8,607.3,359763433,T
559.7,540.1,359763449,T
519.5,565.5,359763463,T
664.1,149.4,359763495,T
643.9,180.2,359763508,T
650.3,144.7,359763524,T
666.0, 70.8,359763539,T
631.2,197.1,359763552,T
580.8,353.3,359763568,T
583.2,312.9,359763583,T
585.4,317.0,359763599,T
559.0,436.6,359763613,T
547.1,519.5,359763644,T
658.3,270.9,359763673,T
667.4,254.6,359763688,T
654.2,268.1,359763706,T
690.1,193.2,359763719,T
591.8,259.6,359763732,T
479.1,428.5,359763749,T
487.8,406.4,359763764,T
476.3,428.7,359763795,T
505.4,381.4,359763809,T
539.7,380.9,359763823,T
557.8,373.1,359763853,T
410.3,512.9,359763869,T
404.9,516.4,359763887,T
477.9,442.5,359763901,T
469.2,451.8,359763912,T
480.1,457.9,359763945,T
479.4,547.5,359763957,T
478.6,552.3,359763974,T
465.1,555.3,359763988,T
433.9,549.3,359764002,T
405.9,577.8,359764020,T
407.2,614.7,359764033,T
446.1,661.6,359764047,T
421.2,613.9,359764066,T
480.0,694.4,359764092,T
557.6,788.8,359764109,T
512.6,759.2,359764123,T
428.1,674.4,359764136,T
368.4,644.6,359764153,T
353.2,626.1,359764170,T
325.8,602.2,359764181,T
284.8,566.2,359764198,T
264.5,547.4,359764215,T
240.0,509.1,359764245,T
232.5,501.7,359764261,T
213.5,456.3,359764272,T
182.4,441.7,359764290,T
156.2,402.2,359764303,T
154.3,388.9,359764319,T
151.6,381.5,359764333,T
151.1,381.8,359764349,T
121.0,413.5,359764364,T
139.4,368.2,359764396,T
136.5,343.8,359764408,T
60.8,244.7,359764424,T
113.5,297.9,359764441,T
-124.7, 55.7,359764452,T
5.1,107.8,359764468,T
73.2,139.8,359764484,T
-81.8, 43.2,359764499,T
2.3, 66.3,359764513,T
50.1,110.2,359764545,T
92.9,104.8,359764559,T
87.5,117.7,359764575,T
119.9,116.9,359764589,T
142.8,127.9,359764604,T
136.4,131.6,359764619,T
119.8, 77.9,359764633,T
113.2, 66.4,359764648,T
94.2, 24.5,359764663,T
87.3,  8.0,359764695,T
84.0,-12.9,359764709,T
85.9, -7.4,359764724,T
92.2,  0.3,359764739,T
94.5,  4.6,359764753,T
103.3, 48.6,359764768,T
89.8, 36.4,359764783,T
93.0, 38.4,359764801,T
100.5, 53.8,359764813,T
53.3,-15.1,359764846,T
-260.3,-101.3,359764858,T
-199.9,-92.3,359764874,T
-264.8,-100.2,359764891,T
-177.3,-77.6,359764905,T
-154.4,-89.3,359764921,T
-219.3,-82.8,359764933,T
-123.1,-90.8,359764948,T
-102.7,-97.3,359764963,T
5.0,-110.1,359764995,T
-3.9,-121.4,359765009,T
-49.3,-83.8,359765024,T
-52.4,-67.2,359765039,T
18.2,-34.3,359765053,T
-64.1, 21.4,359765068,T
-58.5, -5.9,359765085,T
-32.4,-26.3,359765098,T
-101.2,-33.9,359765114,T
-37.4,-77.4,359765146,T
-95.4,-59.0,359765160,T
-98.9,-61.8,359765174,T
-85.9,-28.5,359765189,T
-143.5,-12.7,359765204,T
-79.3, -1.4,359765218,T
-53.7,  6.5,359765234,T
-148.3, 24.9,359765248,T
-149.6, 29.9,359765263,T
-133.2, 61.7,359765297,T
-99.1, 99.1,359765308,T
-10.3,108.2,359765325,T
85.0, 63.6,359765339,T
779.9,291.0,359765655,T
742.8,871.6,359765669,T
693.1,592.7,359765684,T
391.5,278.8,359765698,T
310.3,212.6,359765714,T
240.1,146.2,359765745,T
275.8, 64.6,359765758,T
262.5, 68.2,359765773,T
178.6,214.8,359765789,T
304.8,254.5,359765804,T
277.4,230.4,359765817,T
195.3,192.4,359765833,T
199.6,205.3,359765848,T
-20.6, 62.3,359765865,T
111.7, 84.4,359765926,T
144.2, 76.9,359765939,T
200.3, 60.8,359765953,T
214.6, 61.0,359765983,T
232.6, 92.7,359765999,T
231.0, 92.5,359766014,T
284.6,131.5,359766045,T
117.9, 42.8,359766059,T
181.3,121.7,359766075,T
211.5,145.5,359766089,T
328.6,231.7,359766104,T
311.1,247.0,359766118,T
352.5,286.3,359766148,T
426.9,253.6,359766163,T
477.0,290.4,359766197,T
455.7,299.6,359766208,T
414.2,315.4,359766239,T
406.4,322.0,359766254,T
385.1,323.0,359766270,T
338.5,312.6,359766286,T
364.7,292.9,359766298,T
254.4,328.7,359766344,T
272.1,337.8,359766360,T
302.9,345.0,359766373,T
299.7,353.7,359766387,T
329.9,375.2,359766405,T
421.1,397.1,359766419,T
396.3,403.1,359766432,T
410.0,410.0,359766464,T
380.8,427.6,359766494,T
381.9,403.7,359766510,T
378.5,390.7,359766522,T
327.8,393.5,359766538,T
326.3,405.3,359766554,T
332.5,407.4,359766567,T
318.6,402.8,359766583,T
352.7,421.7,359766598,T
426.1,415.0,359766612,T
466.0,406.9,359766646,T
456.2,404.8,359766658,T
442.9,399.8,359766672,T
423.7,383.5,359766689,T
442.8,392.3,359766703,T
237.4,319.3,359766717,T
273.0,335.6,359766733,T
305.2,346.1,359766747,T
254.9,313.0,359766764,T
301.0,358.9,359766794,T
283.5,340.8,359766809,T
284.3,355.4,359766824,T
334.5,399.2,359766838,T
370.7,431.2,359766868,T
389.9,421.0,359766882,T
311.5,379.4,359766898,T
223.9,334.1,359766914,T
193.7,294.0,359766944,T
286.9,297.7,359766959,T
331.9,291.0,359766973,T
346.8,275.1,359766989,T
521.2,287.6,359767006,T
319.8,281.9,359767034,T
95.4,269.7,359767062,T
210.4,333.2,359767107,T
192.4,318.8,359767123,T
-35.7,133.3,359767137,T
175.3,273.0,359767152,T
-12.0,145.2,359767168,T
86.1,216.4,359767183,T
128.6,270.0,359767197,T
62.7,231.8,359767244,T
25.1,186.1,359767258,T
62.2,228.7,359767273,T
91.0,266.2,359767288,T
-197.5,-22.5,359767303,T
-106.6, 65.9,359767320,T
-60.7,111.5,359767334,T
101.8,284.0,359767364,T
134.4,320.9,359767408,T
129.9,318.5,359767426,T
129.8,314.1,359767437,T
192.6,375.6,359767454,T
406.5,587.3,359767468,T
539.6,553.5,359767498,T
565.1,586.0,359767514,T
570.6,616.9,359767546,T
564.1,598.3,359767559,T
559.0,586.2,359767588,T
386.7,277.8,359767605,T
158.1,175.3,359767619,T
100.7,144.1,359767634,T
131.7,169.0,359767648,T
-103.7,  6.2,359767665,T
-117.1,  5.9,359767694,T
-151.0, -8.7,359767708,T
-279.1,-97.6,359767726,T
-160.6,-17.6,359767738,T
-237.2,-54.9,359767753,T
269.8,240.9,359767769,T
162.1,114.0,359767783,T
-40.8,  3.8,359767798,T
-3.4, 18.1,359767813,T
-49.8,-13.7,359767843,T
-68.2,-31.4,359767859,T
-82.3,-38.9,359767873,T
386.1,123.9,359767905,T
594.9,255.0,359767918,T
616.3,322.8,359767949,T
615.6,295.3,359767964,T
630.5,305.1,359767994,T
627.5,322.7,359768009,T
634.9,416.5,359768037,T
637.6,397.7,359768053,T
648.8,339.8,359768083,T
649.8,412.8,359768099,T
247.9,329.9,359768144,T
489.9,410.0,359768158,T
-97.6, 81.7,359768174,T
70.9,204.7,359768189,T
-69.0, 85.5,359768202,T
79.8,199.5,359768218,T
96.2,206.6,359768235,T
148.4,250.3,359768264,T
-30.3,104.7,359768294,T
94.7,218.3,359768309,T
-23.1,136.5,359768323,T
234.9,372.2,359768353,T
396.5,531.9,359768368,T
566.9,680.7,359768384,T
589.4,693.0,359768398,T
609.6,689.9,359768413,T
615.6,650.7,359768445,T
601.5,721.4,359768458,T
634.1,605.1,359768488,T
642.5,587.0,359768506,T
572.7,719.9,359768533,T
558.5,744.0,359768549,T
573.6,712.2,359768595,T
573.0,712.3,359768624,T
556.3,747.2,359768639,T
553.9,785.7,359768668,T
557.5,806.7,359768683,T
585.4,675.8,359768713,T
666.4,486.2,359768744,T
669.6,507.7,359768775,T
654.6,560.6,359768788,T
554.9,795.4,359768819,T
557.8,788.0,359768833,T
554.1,798.0,359768863,T
679.7,578.8,359768909,T
632.2,546.8,359768924,T
649.0,486.4,359768953,T
650.5,482.7,359768967,T
652.2,484.0,359768997,T
637.9,479.2,359769013,T
612.2,595.7,359769058,T
618.5,640.7,359769074,T
608.5,673.4,359769089,T
603.9,648.9,359769104,T
542.1,268.5,359769134,T
538.0,280.2,359769148,T
536.0,284.3,359769195,T
436.7,295.1,359769224,T
320.9,219.8,359769241,T
97.7, 89.5,359769253,T
71.9, 75.4,359769269,T
95.5, 80.5,359769283,T
17.6, 50.0,359769300,T
-109.3,-13.4,359769312,T
-158.7,-17.0,359769344,T
-51.6,  4.5,359769358,T
-54.5,  0.4,359769374,T
-182.5,-12.0,359769389,T
-85.6,-18.9,359769404,T
-35.2,-18.8,359769418,T
-131.2,-57.1,359769432,T
-111.3,-49.2,359769450,T
-55.3,-33.6,359769465,T
16.7,-104.0,359769496,T
-299.8,-103.0,359769525,T
-309.0,-101.3,359769541,T
-42.3,-97.3,359769553,T
226.2,-87.9,359769568,T
122.2,-84.0,359769583,T
255.4,-81.1,359769597,T
190.4,-78.3,359769613,T
270.2,-25.3,359769643,T
84.0,-35.9,359769658,T
201.6,-38.8,359769673,T
458.3,-58.2,359769689,T
345.5,-50.4,359769704,T
307.3,-48.2,359769718,T
452.0,-61.8,359769733,T
323.3,-53.4,359769750,T
415.6,-60.6,359769765,T
278.0,-49.9,359769796,T
218.5, 55.2,359769808,T
327.1,262.8,359769823,T
203.5,240.3,359769853,T
364.4,321.8,359769869,T
413.5,347.0,359769883,T
394.2,295.3,359769900,T
310.5,233.3,359769913,T
242.8,147.3,359769944,T
515.1,-97.3,359769958,T
485.3,-118.7,359769973,T
369.6,-77.2,359769989,T
445.7,  8.0,359770002,T
491.2, 36.4,359770035,T
333.9, -4.7,359770048,T
-171.9,-21.8,359770063,T
159.6,-32.2,359770094,T
187.5,-31.7,359770108,T
92.5,-31.8,359770126,T
226.8,-21.0,359770137,T
168.1,-25.8,359770154,T
128.8,-24.5,359770168,T
120.6,-25.6,359770183,T
-38.5,-36.9,359770198,T
33.7,-17.8,359770213,T
-150.3,-36.4,359770244,T
-39.5, 43.1,359770258,T
-85.5, 73.3,359770275,T
14.3,255.4,359770304,T
41.9,340.6,359770318,T
-94.2,191.0,359770333,T
64.1, 29.7,359770348,T
165.3,214.8,359770363,T
312.3, 64.2,359770394,T
259.5, 45.5,359770409,T
-16.2,-24.3,359770423,T
-87.6,-41.6,359770439,T
13.6,-92.1,359770454,T
-143.1,-101.2,359770469,T
-62.9,-75.3,359770483,T
-97.5,-76.1,359770500,T
15.8, 39.0,359770543,T
547.0,221.8,359770573,T
551.1,224.1,359770590,T
518.1,205.4,359770618,T
359.7,293.7,359770634,T
240.7,327.9,359770651,T
147.7,235.2,359770664,T
149.5,175.7,359770694,T
182.0, 48.5,359770710,T
186.3, 31.2,359770724,T
156.6,125.4,359770740,T
144.6, 91.8,359770753,T
-82.4,-12.8,359770767,T
-95.4,-20.8,359770783,T
-284.5,-133.5,359770799,T
-322.0,-150.6,359770812,T
-188.6,-57.8,359770845,T
-250.9,-100.9,359770859,T
-206.7,-63.3,359770874,T
-276.6,-112.5,359770889,T
-267.2,-105.2,359770904,T
-262.7,-102.4,359770919,T
-273.8,-105.7,359770933,T
-263.5,-64.6,359770948,T
-258.0,-33.3,359770965,T
-177.2,264.8,359770995,T
-203.0,163.5,359771008,T
-203.5,135.7,359771023,T
-175.5,240.0,359771038,T
-216.3, 56.1,359771053,T
-38.0, 47.6,359771070,T
-6.0, 41.7,359771083,T
-104.6,-12.9,359771098,T
-110.6,-10.7,359771113,T
-179.0,-55.1,359771145,T
-219.1,-72.8,359771159,T
-108.2,143.9,359771173,T
-110.0,185.2,359771189,T
-115.6,229.4,359771205,T
-96.4,344.5,359771219,T
-209.9,114.5,359771235,T
-168.0,235.8,359771248,T
-126.0,343.1,359771263,T
-232.1, 51.0,359771294,T
-230.1, 44.6,359771309,T
-227.4, 41.9,359771324,T
-199.4, 77.6,359771339,T
-113.2,251.6,359771354,T
-194.3,104.7,359771369,T
-122.5,167.7,359771383,T
-84.3,262.0,359771398,T
-23.7,399.3,359771414,T
13.1,491.5,359771445,T
7.1,477.4,359771460,T
-97.8,246.7,359771475,T
-130.3,165.2,359771490,T
-149.0,115.0,359771504,T
-193.7,253.9,359771518,T
-190.6,228.7,359771533,T
-180.3,149.6,359771549,T
-181.7,152.6,359771563,T
-175.5,115.9,359771594,T
-36.1, 33.6,359771609,T
-60.4, 32.2,359771624,T
-75.8, 51.1,359771639,T
-51.9, 47.4,359771653,T
-12.5, 38.5,359771669,T
-58.4, 38.8,359771683,T
-54.0, 40.2,359771698,T
-31.2, 38.4,359771713,T
-3.8, 26.9,359771744,T
-89.8, 35.6,359771760,T
-108.9, 37.6,359771773,T
-161.6, 42.9,359771803,T
-209.1, 49.7,359771818,T
-178.3, 63.9,359771833,T
-181.2, 62.7,359771848,T
-201.6, 52.7,359771863,T
-203.6, 50.8,359771909,T
-211.2, 40.8,359771923,T
-255.6, -7.3,359771939,T
-238.7,  6.3,359771954,T
-120.1, 26.8,359771969,T
-76.7,-10.7,359771983,T
-77.3, 19.7,359771999,T
-68.3, 34.5,359772014,T
-47.7, 64.4,359772044,T
-5.8,105.6,359772058,T
-7.7,116.8,359772073,T
-49.6,179.2,359772089,T
-29.8,180.0,359772103,T
6.3,181.7,359772118,T
98.5,168.8,359772134,T
203.2,138.3,359772148,T
113.2,159.6,359772162,T
224.3,188.1,359772194,T
129.2,163.9,359772210,T
89.6,145.2,359772225,T
58.8,125.8,359772239,T
-40.9, 39.7,359772252,T
-54.1, 28.2,359772268,T
3.0, 52.9,359772284,T
-167.6,-22.8,359772298,T
-149.4,-18.0,359772313,T
-221.0,-48.6,359772344,T
-202.9,-38.9,359772359,T
-3.2, 45.9,359772373,T
-48.9, 21.1,359772388,T
-101.5,  2.0,359772404,T
84.0,123.3,359772418,T
207.3,201.3,359772433,T
167.9,171.8,359772450,T
104.2,134.8,359772463,T
235.4,221.3,359772495,T
128.4,185.5,359772510,T
69.3,148.5,359772525,T
4.8,101.5,359772538,T
93.5,195.1,359772555,T
-204.3,-56.0,359772568,T
-153.7, -4.3,359772584,T
-64.2, 92.2,359772598,T
-216.1,-58.8,359772612,T
-97.9, 67.1,359772646,T
443.1,667.5,359772675,T
424.0,650.6,359772688,T
97.0,295.2,359772705,T
-0.7,195.6,359772718,T
148.4,365.1,359772733,T
-47.6,143.0,359772748,T
-86.8,121.1,359772764,T
-149.2, 44.6,359772794,T
-101.4,124.7,359772809,T
-145.0, 63.7,359772823,T
198.1,520.1,359772854,T
212.8,529.4,359772868,T
431.7,723.6,359772882,T
541.1,799.2,359772899,T
556.9,880.4,359772914,T
537.5,877.7,359772945,T
549.4,884.8,359772958,T
540.1,857.8,359772974,T
451.1,671.7,359772990,T
233.0,410.3,359773003,T
221.4,399.6,359773018,T
-82.7, 94.4,359773034,T
-33.8,140.3,359773048,T
251.8,419.0,359773063,T
252.8,389.2,359773094,T
370.3,551.2,359773107,T
516.2,722.6,359773124,T
345.8,463.2,359773138,T
490.2,552.5,359773152,T
419.2,495.3,359773168,T
403.4,475.4,359773183,T
510.2,625.5,359773199,T
425.2,552.5,359773213,T
498.3,646.7,359773243,T
405.6,567.3,359773258,T
233.3,404.6,359773274,T
230.8,402.4,359773288,T
-154.2, 27.7,359773306,T
-78.1, 97.0,359773318,T
-90.0, 86.7,359773334,T
-216.2,-20.8,359773348,T
-95.8, 77.0,359773363,T
1.7,161.4,359773394,T
244.2,362.3,359773407,T
231.2,329.6,359773425,T
204.5,283.5,359773439,T
474.9,297.6,359773453,T
419.7,231.6,359773468,T
424.0,197.4,359773484,T
332.4,472.9,359773514,T
