865.8,491.6,360294684,2
669.2,533.1,360294712,2
759.6,507.4,360294729,2
787.0,503.6,360294772,2
840.6,639.6,360294799,2
845.0,627.8,360294816,2
790.7,639.1,360294844,2
813.4,599.5,360294863,2
793.8,655.2,360294891,2
772.5,721.3,360294933,2
795.7,696.0,360294952,2
829.4,743.1,360294979,2
988.5,767.6,360294997,2
943.6,785.1,360295025,2
886.3,798.2,360295042,2
997.2,973.5,360295069,2
928.3,846.9,360295087,2
915.7,871.3,360295115,2
931.5,899.0,360295131,2
920.9,892.6,360295159,2
981.4,863.1,360295178,2
894.8,803.5,360295222,2
877.9,794.1,360295248,2
884.7,817.6,360295266,2
1040.0,872.0,360295312,2
942.6,821.4,360295339,2
908.9,778.5,360295383,2
938.9,809.9,360295404,2
1013.0,684.1,360295429,2
1014.8,678.0,360295446,2
998.5,680.0,360295476,2
1004.2,694.8,360295492,2
998.5,696.0,360295520,2
999.8,710.8,360295536,2
1028.7,702.5,360295564,2
1022.1,712.8,360295581,2
1050.6,677.2,360295609,2
952.5,824.9,360295629,2
996.7,756.6,360295674,2
1103.7,845.6,360295747,2
1106.5,833.4,360295761,2
1126.9,855.7,360295787,2
1119.6,813.8,360295834,2
1125.2,826.7,360295854,2
971.2,831.9,360296349,2
967.0,811.9,360296374,2
972.2,820.2,360296393,2
981.9,846.5,360296420,2
985.2,839.5,360296439,2
1042.4,823.8,360296453,2
1072.5,815.7,360296462,2
1072.5,815.0,360296481,2
1011.6,788.7,360296496,2
1008.8,783.5,360296508,2
999.3,776.3,360296528,2
1021.8,765.8,360296542,2
1021.3,733.6,360296574,2
1021.1,722.4,360296587,2
1019.3,697.4,360296598,2
1004.3,569.5,360296618,2
991.9,603.7,360296634,2
982.2,589.9,360296646,2
945.0,618.0,360296663,2
949.7,617.7,360296677,2
940.4,607.2,360296689,2
926.6,620.7,360296723,2
983.9,525.3,360296735,2
971.2,546.8,360296752,2
958.4,573.5,360296767,2
958.5,578.7,360296780,2
924.8,640.2,360296797,2
910.4,658.0,360296812,2
905.0,665.0,360296826,2
914.1,650.0,360296842,2
892.2,663.6,360296870,2
932.5,614.0,360296886,2
920.8,627.2,360296902,2
914.8,635.3,360296931,2
902.6,653.0,360296946,2
899.3,668.4,360296961,2
898.7,671.6,360296977,2
895.4,670.0,360296993,2
890.9,677.1,360297022,2
889.1,677.8,360297037,2
891.3,677.1,360297049,2
893.0,680.4,360297068,2
953.9,627.0,360297084,2
1004.4,635.6,360297096,2
1098.8,596.1,360297111,2
1138.4,578.3,360297127,2
1316.3,566.3,360297141,2
1511.1,550.9,360297174,2
1507.8,575.2,360297184,2
1499.0,638.4,360297202,2
1446.6,690.9,360297218,2
1434.1,690.9,360297230,2
1412.0,686.6,360297248,2
1369.7,694.1,360297262,2
1305.9,682.0,360297275,2
1252.4,696.2,360297293,2
1232.6,702.7,360297321,2
1267.5,807.0,360297337,2
1295.5,832.2,360297355,2
1260.6,785.2,360297365,2
1250.9,766.0,360297382,2
1245.9,762.7,360297397,2
1251.0,761.8,360297411,2
1311.7,751.2,360297429,2
1349.0,768.8,360297442,2
1313.7,761.5,360297474,2
1374.3,818.2,360297488,2
1383.9,810.2,360297500,2
1425.7,834.4,360297517,2
1432.1,810.2,360297534,2
1435.1,775.8,360297543,2
1445.9,945.3,360297562,2
1439.2,939.7,360297577,2
1426.1,841.4,360297590,2
1420.0,825.7,360297624,2
1430.0,881.6,360297635,2
1393.8,839.7,360297667,2
1340.3,918.5,360297680,2
1346.5,860.7,360297711,2
1331.6,898.0,360297725,2
1310.6,969.8,360297742,2
1357.2,877.1,360297770,2
1393.3,828.6,360297787,2
1453.8,751.5,360297804,2
1456.0,756.7,360297813,2
1519.5,644.9,360297832,2
1493.2,788.0,360297849,2
1505.4,748.3,360297859,2
1504.1,752.8,360297878,2
1520.3,767.3,360297892,2
1518.2,752.6,360297925,2
1527.7,730.8,360297937,2
1526.0,742.7,360297950,2
1577.0,722.2,360297968,2
1581.9,687.3,360297984,2
1589.7,677.0,360297995,2
1554.4,655.9,360298011,2
1564.6,658.6,360298027,2
1566.7,659.0,360298040,2
1676.7,615.4,360298075,2
1653.4,619.9,360298085,2
1678.3,589.6,360298102,2
1664.4,585.7,360298117,2
1666.1,590.5,360298130,2
1615.3,590.5,360298147,2
1611.3,595.5,360298162,2
1612.5,589.0,360298177,2
1599.9,585.0,360298191,2
1599.5,597.0,360298223,2
1594.8,591.5,360298239,2
1582.8,597.0,360298253,2
1564.6,618.0,360298265,2
1535.0,633.4,360298282,2
1497.5,643.1,360298297,2
1484.4,653.4,360298310,2
1485.3,637.8,360298327,2
1477.6,632.8,360298343,2
1455.9,642.3,360298374,2
1490.7,627.0,360298388,2
1489.2,621.4,360298400,2
1492.3,612.4,360298417,2
1481.5,609.6,360298433,2
1463.2,614.1,360298447,2
1434.9,643.6,360298464,2
1446.7,654.8,360298478,2
1458.6,642.3,360298492,2
1461.0,659.0,360298524,2
1461.1,661.0,360298536,2
1490.1,629.4,360298551,2
1505.2,598.5,360298568,2
1492.3,625.1,360298582,2
1476.4,650.5,360298598,2
1415.5,660.1,360298612,2
1419.1,660.1,360298627,2
1425.5,656.4,360298641,2
1440.6,634.6,360298671,2
1434.1,637.4,360298686,2
1435.4,634.6,360298704,2
1435.0,636.9,360298714,2
1443.5,638.9,360298732,2
1443.4,634.9,360298748,2
1445.0,625.2,360298759,2
1452.3,613.8,360298777,2
1456.8,609.8,360298793,2
1471.0,591.9,360298826,2
1491.0,586.8,360298836,2
1489.8,596.1,360298849,2
1497.8,628.2,360298866,2
1493.0,632.9,360298882,2
1488.4,629.3,360298894,2
1487.7,629.8,360298912,2
1489.0,627.7,360298928,2
1490.9,629.0,360298941,2
1492.0,625.6,360298974,2
1492.5,626.1,360298985,2
1527.5,618.6,360299002,2
1543.2,575.1,360299018,2
1617.8,636.1,360299030,2
1593.8,565.7,360299048,2
1594.5,570.7,360299065,2
1616.7,572.8,360299074,2
1593.4,549.7,360299092,2
1630.4,561.4,360299122,2
1610.2,557.1,360299180,2
1541.3,459.5,360299423,2
1523.0,500.2,360299452,2
1595.6,457.5,360299467,2
1650.4,438.7,360299481,2
1604.6,499.6,360299497,2
1650.7,502.6,360299512,2
1625.5,505.3,360299526,2
1617.5,504.2,360299543,2
1638.1,499.7,360299571,2
1614.0,486.7,360299588,2
1637.4,430.5,360299601,2
1638.7,418.2,360299615,2
1621.7,379.8,360299631,2
1618.1,425.5,360299646,2
1557.8,368.5,360299661,2
1570.9,380.4,360299678,2
1485.6,352.8,360299692,2
1484.0,359.6,360299723,2
1546.0,384.8,360299736,2
1671.8,423.8,360299750,2
1730.4,453.5,360299767,2
1694.1,494.3,360299783,2
1716.3,509.8,360299796,2
1711.4,532.4,360299812,2
1699.2,544.0,360299828,2
1677.7,550.6,360299841,2
1638.5,602.1,360299874,2
1626.5,668.5,360299885,2
1605.7,660.3,360299901,2
1585.1,712.9,360299917,2
1572.9,711.9,360299931,2
1597.5,712.9,360299946,2
1601.2,702.5,360299963,2
1596.8,709.7,360299976,2
1599.4,622.3,360299991,2
1587.0,642.0,360300021,2
1610.3,604.0,360300037,2
1598.6,639.9,360300055,2
1582.5,676.2,360300065,2
1607.5,618.2,360300082,2
1602.4,637.1,360300100,2
1594.1,650.1,360300110,2
1595.9,592.0,360300127,2
1606.2,628.4,360300143,2
1603.4,636.9,360300173,2
1573.9,647.1,360300187,2
1578.9,643.1,360300199,2
1577.7,639.2,360300216,2
1573.8,639.8,360300235,2
1573.3,634.9,360300244,2
1580.1,633.4,360300261,2
1584.3,628.6,360300278,2
1590.6,617.4,360300290,2
1592.8,605.6,360300324,2
1600.2,601.0,360300335,2
1577.1,606.7,360300352,2
1580.3,606.2,360300368,2
1579.4,611.9,360300381,2
1574.9,630.5,360300397,2
1572.9,631.8,360300415,2
1568.9,639.7,360300427,2
1545.8,655.2,360300444,2
1536.4,681.9,360300471,2
1521.2,678.4,360300487,2
1514.8,672.6,360300502,2
1515.9,667.7,360300514,2
1520.9,654.5,360300533,2
1527.6,642.4,360300547,2
1487.9,659.0,360300560,2
1514.5,668.4,360300577,2
1514.4,668.1,360300592,2
1492.6,686.5,360300622,2
1494.4,685.8,360300638,2
1492.3,680.1,360300650,2
1497.9,659.1,360300667,2
1499.5,637.3,360300682,2
1500.8,623.2,360300695,2
1503.0,613.1,360300712,2
1495.8,617.9,360300728,2
1488.3,641.4,360300741,2
1481.0,632.5,360300773,2
1474.9,639.8,360300784,2
1461.7,649.8,360300803,2
1458.3,651.3,360300818,2
1460.4,650.2,360300831,2
1430.7,655.7,360300848,2
1428.4,651.4,360300863,2
1454.9,621.4,360300875,2
1458.0,610.1,360300891,2
1453.2,597.7,360300920,2
1454.2,592.5,360300937,2
1457.7,590.1,360300952,2
1464.6,580.4,360300965,2
1473.2,571.2,360300983,2
1468.9,576.8,360300997,2
1488.1,566.1,360301010,2
1501.5,619.6,360301026,2
1502.6,612.8,360301043,2
1507.1,588.2,360301074,2
1508.3,591.7,360301087,2
1526.5,556.9,360301099,2
1527.4,558.3,360301117,2
1528.9,551.4,360301133,2
1536.2,545.5,360301144,2
1506.4,570.3,360301164,2
1500.7,574.0,360301178,2
1484.8,583.3,360301190,2
1523.4,598.1,360301224,2
1548.5,600.8,360301236,2
1573.0,599.8,360301253,2
1577.4,599.1,360301268,2
1578.8,606.9,360301280,2
1588.5,611.1,360301298,2
1578.1,639.0,360301312,2
1570.1,650.8,360301325,2
1585.4,646.2,360301342,2
1572.5,654.2,360301370,2
1565.9,629.7,360301387,2
1562.4,634.3,360301402,2
1559.3,643.1,360301417,2
1552.9,655.2,360301434,2
1533.6,704.4,360301447,2
1548.7,676.5,360301459,2
1560.7,684.5,360301476,2
1548.8,700.7,360301493,2
1526.9,713.1,360301522,2
1518.1,717.7,360301537,2
1478.7,728.9,360301549,2
1463.6,733.1,360301566,2
1466.2,726.3,360301582,2
1466.5,724.9,360301594,2
1487.7,698.6,360301611,2
1492.2,691.5,360301627,2
1459.1,695.2,360301640,2
1429.8,694.9,360301674,2
1461.2,690.8,360301685,2
1466.8,691.4,360301703,2
1463.4,695.9,360301720,2
1440.3,709.0,360301729,2
1425.8,698.7,360301746,2
1425.3,695.2,360301763,2
1437.1,692.0,360301773,2
1436.8,686.4,360301791,2
1549.3,559.2,360301821,2
1503.1,626.7,360301837,2
1512.8,610.4,360301852,2
1515.8,613.9,360301864,2
1484.7,643.2,360301883,2
1493.1,632.6,360301897,2
1493.0,605.9,360301910,2
1468.6,614.9,360301926,2
1458.7,616.5,360301943,2
1410.6,633.3,360301973,2
1400.3,633.2,360301988,2
1391.0,637.0,360302000,2
1387.0,638.3,360302016,2
1363.0,646.1,360302032,2
1372.1,636.6,360302045,2
1355.6,643.3,360302062,2
1360.9,639.3,360302079,2
1391.7,633.3,360302090,2
1442.4,618.0,360302126,2
1421.0,622.4,360302136,2
1543.0,528.2,360302180,2
1560.8,755.3,360302482,2
1214.7,370.4,360302511,2
1390.2,443.9,360302540,2
1478.3,488.6,360302573,2
1400.4,632.2,360302603,2
1398.7,644.8,360302618,2
1453.6,607.5,360302648,2
1496.8,606.2,360302662,2
1512.9,607.3,360302675,2
1519.3,613.6,360302691,2
1416.9,662.4,360302721,2
1382.0,634.6,360302737,2
1371.5,646.4,360302751,2
1354.4,640.4,360302765,2
1345.1,647.3,360302783,2
1342.3,649.6,360302796,2
1338.0,654.5,360302826,2
1341.4,657.5,360302841,2
1321.6,616.9,360302872,2
1335.5,620.4,360302887,2
1397.5,576.7,360302899,2
1430.6,638.4,360302917,2
1438.7,624.8,360302932,2
1440.8,602.3,360302945,2
1446.8,596.9,360302962,2
1451.6,597.2,360302976,2
1457.9,594.0,360302990,2
1504.1,596.9,360303023,2
1501.7,601.7,360303035,2
1560.0,580.5,360303069,2
1548.7,581.6,360303079,2
1505.0,590.9,360303096,2
1590.3,583.2,360303112,2
1575.7,604.1,360303125,2
1571.2,606.5,360303142,2
1610.9,607.8,360303171,2
1647.7,604.1,360303187,2
1656.0,611.5,360303202,2
1646.7,636.6,360303215,2
1643.1,646.4,360303231,2
1613.1,668.5,360303246,2
1598.9,696.8,360303259,2
1589.0,706.2,360303276,2
1586.0,710.1,360303291,2
1660.6,646.9,360303322,2
1629.2,682.3,360303336,2
1634.2,678.1,360303349,2
1591.7,709.4,360303367,2
1580.1,717.3,360303383,2
1542.2,745.3,360303394,2
1526.1,757.7,360303411,2
1519.1,757.5,360303428,2
1511.5,757.9,360303438,2
1499.8,761.8,360303474,2
1439.1,878.2,360303485,2
1431.5,892.3,360303502,2
1421.6,907.3,360303519,2
1412.2,919.7,360303529,2
1407.7,921.0,360303547,2
1407.5,923.4,360303562,2
1417.9,906.5,360303574,2
1433.1,884.9,360303591,2
1416.5,889.6,360303620,2
1388.4,888.4,360303638,2
1386.2,862.5,360303654,2
1392.3,844.6,360303663,2
1390.2,844.8,360303681,2
1392.3,843.1,360303696,2
1403.2,817.2,360303709,2
1395.4,794.7,360303726,2
1393.8,792.2,360303741,2
1386.8,789.0,360303773,2
1390.3,788.5,360303789,2
1414.4,738.2,360303799,2
1393.8,671.6,360303817,2
1383.0,666.7,360303832,2
1410.0,668.4,360303844,2
1420.3,673.3,360303862,2
1418.6,671.4,360303877,2
1419.9,670.3,360303889,2
1449.7,672.7,360303923,2
1462.0,661.5,360303935,2
1477.8,632.8,360303952,2
1473.8,634.0,360303967,2
1515.2,581.0,360303980,2
1478.3,595.3,360303996,2
1472.2,600.4,360304013,2
1417.7,623.6,360304025,2
1387.0,636.9,360304041,2
1458.4,651.4,360304071,2
1470.7,654.7,360304086,2
1557.0,694.1,360304101,2
1623.7,698.3,360304113,2
1667.4,711.8,360304131,2
1716.0,746.3,360304160,2
1768.2,789.9,360304176,2
1742.0,767.4,360304222,2
1745.1,755.4,360304237,2
1747.5,776.5,360304251,2
1744.1,730.0,360304269,2
1752.0,730.4,360304281,2
1756.2,731.4,360304294,2
1755.9,730.4,360304312,2
1752.7,728.2,360304328,2
1682.0,751.0,360304341,2
1654.9,757.7,360304373,2
1653.4,759.2,360304386,2
1654.5,747.5,360304402,2
1653.7,740.8,360304418,2
1663.1,759.4,360304432,2
1667.4,671.3,360304447,2
1665.4,710.7,360304462,2
1672.6,774.1,360304475,2
1675.1,780.0,360304491,2
1677.2,858.2,360304554,2
1667.8,884.5,360304596,2
1666.3,876.7,360304608,2
1679.5,867.9,360304641,2
1680.2,824.3,360304672,2
1683.9,726.6,360304686,2
1693.4,757.3,360304699,2
1638.4,680.5,360304717,2
1649.3,707.5,360304733,2
1652.2,712.2,360304745,2
1614.5,667.5,360304762,2
1623.4,674.7,360304777,2
1657.9,683.9,360304789,2
1637.6,646.8,360304823,2
1641.3,651.7,360304834,2
1653.2,634.1,360304852,2
1642.6,630.5,360304868,2
1668.5,644.8,360304881,2
1675.2,635.8,360304897,2
1677.2,639.2,360304912,2
1669.9,628.1,360304925,2
1605.0,641.0,360304942,2
1779.5,625.0,360304970,2
1780.4,637.0,360305016,2
1599.8,631.4,360305076,2
1659.2,612.3,360305125,2
1638.4,603.7,360305137,2
1586.0,586.8,360305150,2
1530.9,557.2,360305167,2
1484.0,534.4,360305182,2
1438.1,442.9,360305195,2
1436.9,434.8,360305211,2
1450.5,409.5,360305227,2
1459.4,330.1,360305240,2
1472.5,251.8,360305272,2
1567.9,211.8,360305285,2
1577.6,202.9,360305302,2
1565.4,203.1,360305318,2
1489.3,171.6,360305330,2
1521.6,212.6,360305346,2
1521.7,223.6,360305361,2
1506.2,246.6,360305374,2
1493.0,266.4,360305392,2
1489.2,293.7,360305422,2
1490.9,324.5,360305437,2
1487.3,325.6,360305467,2
1488.3,340.9,360305482,2
1460.9,325.4,360305496,2
1422.2,303.6,360305510,2
1434.9,310.6,360305527,2
1431.1,316.6,360305541,2
1431.6,326.4,360305572,2
1440.9,336.0,360305587,2
1484.2,357.6,360305600,2
1476.2,384.1,360305617,2
1494.1,382.7,360305634,2
1455.7,425.7,360305645,2
1454.3,428.8,360305662,2
1447.1,434.8,360305678,2
1449.5,421.0,360305690,2
1446.2,429.4,360305723,2
1446.2,430.3,360305734,2
1446.1,431.1,360305751,2
1445.4,437.0,360305769,2
1448.1,429.1,360305780,2
1456.3,437.2,360305798,2
1450.8,432.2,360305811,2
1448.0,429.5,360305825,2
1437.5,435.4,360305844,2
1433.8,433.1,360305872,2
1441.3,420.3,360305886,2
1440.4,420.2,360305902,2
1433.0,429.2,360305915,2
1354.1,390.8,360305933,2
1366.0,395.4,360305949,2
1378.7,396.9,360305976,2
1375.6,398.5,360305992,2
1434.5,406.2,360306022,2
1448.4,416.8,360306037,2
1421.9,444.2,360306050,2
1419.6,446.0,360306067,2
1419.5,442.9,360306084,2
1419.2,423.6,360306095,2
1425.1,415.2,360306113,2
1426.0,413.7,360306127,2
1412.6,420.7,360306140,2
1414.9,417.9,360306172,2
1411.9,416.8,360306186,2
1413.0,435.5,360306204,2
1415.2,437.6,360306219,2
1412.4,448.2,360306232,2
1413.5,457.4,360306246,2
1411.2,460.6,360306264,2
1411.7,470.1,360306274,2
1412.9,469.0,360306293,2
1409.6,472.5,360306321,2
1413.0,476.3,360306336,2
1414.1,476.8,360306352,2
1414.8,477.7,360306365,2
1421.1,464.6,360306383,2
1431.9,446.2,360306398,2
1442.6,443.2,360306410,2
1447.8,440.1,360306429,2
1459.0,443.1,360306442,2
1476.9,447.7,360306475,2
1505.1,315.3,360306744,2
1413.0,262.4,360306770,2
1400.5,262.8,360306789,2
1417.3,272.1,360306801,2
1418.0,272.9,360306814,2
1415.1,274.3,360306832,2
1425.2,288.0,360306847,2
1488.4,340.7,360306859,2
1501.6,345.6,360306876,2
1516.4,349.8,360306891,2
1547.8,357.7,360306923,2
1558.8,341.3,360306936,2
1556.3,345.7,360306952,2
1572.7,359.3,360306967,2
1538.0,395.6,360306982,2
1542.5,385.1,360306995,2
1544.8,393.4,360307011,2
1533.1,400.0,360307026,2
1510.5,399.4,360307039,2
1477.4,414.5,360307073,2
1456.1,440.0,360307084,2
1465.6,432.5,360307103,2
1490.7,427.3,360307117,2
1444.0,445.6,360307129,2
1532.4,412.5,360307146,2
1522.7,415.1,360307161,2
1496.1,433.6,360307174,2
1514.6,423.6,360307192,2
1450.5,527.9,360307219,2
1504.0,460.3,360307236,2
1514.6,451.3,360307251,2
1420.2,513.1,360307263,2
1477.6,460.8,360307283,2
1454.3,475.9,360307296,2
1427.5,492.5,360307308,2
1363.4,553.5,360307326,2
1345.5,574.7,360307343,2
1472.5,447.7,360307372,2
1474.3,445.8,360307387,2
1415.7,518.4,360307399,2
1438.2,499.9,360307416,2
1381.7,566.7,360307432,2
1370.8,578.4,360307444,2
1359.2,593.0,360307461,2
1380.2,562.5,360307476,2
1341.0,603.2,360307488,2
1349.6,594.6,360307522,2
1340.3,605.5,360307533,2
1335.1,609.7,360307552,2
1335.4,610.5,360307567,2
1335.4,610.5,360307578,2
1333.9,608.4,360307598,2
1328.6,602.2,360307611,2
1327.3,603.2,360307624,2
1328.8,602.1,360307642,2
1328.5,604.4,360307669,2
1334.9,605.0,360307687,2
1354.9,581.9,360307702,2
1378.7,555.4,360307714,2
1441.0,483.7,360307733,2
1391.5,491.3,360307747,2
1360.4,503.1,360307761,2
1458.2,437.8,360307776,2
1427.3,455.7,360307792,2
1468.4,431.7,360307825,2
1439.1,447.8,360307836,2
1453.9,438.6,360307848,2
1364.5,520.1,360307866,2
1371.1,523.6,360307882,2
1401.3,476.8,360307894,2
1406.0,466.7,360307911,2
1384.3,511.1,360307929,2
1402.7,497.7,360307939,2
1325.6,617.0,360307972,2
1389.5,528.9,360307983,2
1370.2,576.1,360308002,2
1348.4,588.5,360308017,2
1321.2,586.6,360308027,2
1353.6,550.9,360308048,2
1201.8,682.6,360308061,2
1227.8,653.9,360308074,2
1205.8,708.3,360308091,2
1287.2,651.8,360308118,2
1324.0,621.1,360308137,2
1308.1,685.7,360308153,2
1322.6,666.2,360308162,2
1457.6,439.8,360308182,2
1313.2,673.4,360308198,2
1318.4,656.6,360308208,2
1329.3,591.0,360308227,2
1263.7,621.9,360308241,2
1312.4,552.0,360308272,2
1237.9,635.0,360308286,2
1263.2,559.9,360308298,2
1288.7,540.8,360308316,2
1173.7,676.9,360308332,2
1192.8,657.5,360308343,2
1228.2,620.1,360308361,2
1120.6,714.3,360308378,2
1174.0,666.6,360308387,2
1143.5,695.3,360308423,2
1206.8,629.9,360308433,2
1227.1,615.5,360308451,2
1145.2,712.0,360308467,2
1214.0,647.5,360308477,2
1280.7,573.4,360308496,2
1152.1,687.7,360308512,2
1194.7,646.1,360308523,2
1235.7,609.8,360308541,2
1391.0,470.8,360308570,2
1445.2,438.7,360308587,2
1365.8,515.8,360308602,2
1275.3,597.0,360308614,2
1392.2,467.2,360308631,2
1222.2,623.1,360308647,2
1215.9,608.8,360308676,2
1138.9,695.0,360308691,2
1249.5,540.7,360308722,2
1146.5,665.2,360308739,2
1229.4,586.9,360308748,2
1272.9,504.8,360308766,2
1131.2,671.0,360308782,2
1179.0,623.7,360308793,2
1216.2,586.4,360308814,2
1117.4,691.7,360308827,2
1188.8,632.8,360308838,2
1160.3,682.3,360308872,2
1236.7,610.8,360308883,2
1244.2,614.0,360308902,2
1204.5,573.7,360308918,2
1327.2,494.5,360308931,2
1276.8,512.5,360308948,2
1274.5,527.7,360308961,2
1333.6,482.0,360308991,2
1431.9,417.9,360309019,2
1438.3,410.9,360309037,2
1375.2,480.3,360309051,2
1359.6,500.5,360309062,2
1499.8,455.8,360309082,2
1357.5,599.6,360309097,2
1294.7,683.3,360309107,2
1501.4,539.1,360309126,2
1469.8,581.4,360309141,2
1495.4,559.8,360309172,2
1431.1,616.4,360309186,2
1468.2,585.8,360309199,2
1461.3,597.6,360309217,2
1296.8,733.2,360309233,2
1342.8,690.1,360309244,2
1376.1,664.3,360309261,2
1288.1,739.2,360309276,2
1319.2,718.3,360309287,2
1279.0,770.3,360309323,2
1362.2,698.6,360309335,2
1366.5,699.9,360309351,2
1454.7,625.9,360309366,2
1442.5,630.0,360309377,2
1645.2,438.1,360309396,2
1606.2,472.5,360309411,2
1442.0,641.6,360309423,2
1460.5,622.7,360309442,2
1309.8,737.5,360309470,2
1524.4,545.5,360309486,2
1347.9,702.2,360309501,2
1423.8,632.9,360309512,2
1575.6,484.0,360309533,2
1616.8,441.8,360309548,2
1617.7,442.7,360309557,2
1617.6,443.1,360309576,2
1616.7,439.6,360309593,2
1600.0,447.6,360309622,2
1596.7,446.5,360309638,2
1582.6,439.0,360309648,2
1587.4,441.7,360309668,2
1572.1,401.4,360309682,2
1582.8,409.4,360309694,2
1583.3,403.4,360309711,2
1583.6,401.1,360309726,2
1595.1,392.6,360309738,2
1608.7,396.6,360309773,2
1611.1,390.9,360309783,2
1613.8,397.3,360309801,2
1613.5,391.9,360309817,2
1277.4,694.0,360309828,2
1408.0,606.6,360309847,2
1473.3,572.1,360309863,2
1524.8,539.1,360309872,2
1557.5,507.8,360309891,2
1541.8,476.2,360309918,2
1581.7,403.1,360309935,2
1418.9,550.6,360309951,2
1420.3,544.9,360309963,2
1536.6,441.1,360309981,2
1385.0,573.1,360309997,2
1306.9,643.5,360310008,2
1340.5,616.8,360310025,2
1244.4,698.5,360310041,2
1354.7,607.1,360310072,2
1261.8,682.6,360310088,2
1342.9,621.8,360310099,2
1394.1,580.1,360310118,2
1270.0,687.0,360310131,2
1289.3,666.1,360310143,2
1328.5,629.1,360310162,2
1217.4,711.9,360310178,2
1277.1,658.5,360310187,2
1234.2,688.5,360310224,2
1312.1,616.9,360310233,2
1320.8,611.0,360310252,2
1207.4,726.5,360310268,2
1262.2,683.0,360310278,2
1332.1,613.6,360310298,2
1209.6,714.3,360310311,2
1245.5,682.6,360310323,2
1284.2,647.8,360310341,2
1462.9,490.0,360310370,2
1531.9,429.1,360310387,2
1323.3,601.0,360310402,2
1340.7,579.7,360310413,2
1515.5,472.3,360310432,2
1228.8,710.4,360310447,2
1268.8,675.6,360310457,2
1303.6,646.0,360310477,2
1195.0,735.3,360310492,2
1326.0,614.4,360310522,2
1286.6,644.5,360310539,2
1364.6,581.5,360310566,2
1288.6,636.4,360310583,2
1300.0,616.5,360310592,2
1355.0,566.4,360310612,2
1148.3,731.7,360310626,2
1204.7,671.9,360310639,2
993.6,788.5,360310942,2
1313.8,412.6,360310972,2
1366.4,406.3,360310987,2
1362.6,404.8,360310997,2
1369.2,400.8,360311016,2
1328.8,417.5,360311031,2
1302.4,446.0,360311042,2
1331.7,430.7,360311063,2
1188.1,582.8,360311077,2
1128.4,647.1,360311090,2
1091.7,702.2,360311123,2
1139.7,651.2,360311136,2
1167.9,633.4,360311151,2
1198.3,697.7,360311167,2
1256.3,630.4,360311179,2
1297.2,589.7,360311197,2
1225.9,650.9,360311212,2
1234.0,636.4,360311222,2
1263.1,606.4,360311243,2
1325.9,506.3,360311286,2
1141.3,693.7,360311301,2
1212.8,618.6,360311313,2
1332.4,504.6,360311332,2
1156.5,686.7,360311347,2
1167.4,680.7,360311357,2
1214.9,638.1,360311377,2
1156.9,708.0,360311392,2
1295.2,581.5,360311422,2
1208.9,665.4,360311437,2
1260.7,619.7,360311448,2
1303.4,575.4,360311465,2
1192.6,671.0,360311482,2
1233.2,631.8,360311493,2
1266.1,598.8,360311514,2
1155.7,704.6,360311527,2
1201.5,659.0,360311538,2
1168.2,699.7,360311573,2
1295.7,588.0,360311601,2
1177.8,693.9,360311618,2
1273.3,608.6,360311628,2
1400.5,494.2,360311646,2
1185.8,688.9,360311662,2
1202.8,665.1,360311672,2
1237.2,627.1,360311692,2
1389.9,467.7,360311720,2
1454.0,394.5,360311736,2
1384.7,460.7,360311752,2
1234.2,686.1,360311764,2
1273.2,629.6,360311781,2
1315.7,565.2,360311797,2
1366.9,488.2,360311810,2
1386.0,476.8,360311826,2
1406.6,486.8,360311842,2
1471.8,418.4,360311874,2
1377.8,526.7,360311886,2
1391.4,500.1,360311898,2
1434.9,402.5,360311917,2
1248.3,606.0,360311932,2
1241.5,621.8,360311942,2
1277.9,589.2,360311962,2
1177.6,688.3,360311977,2
1214.0,647.2,360311988,2
1173.7,699.0,360312023,2
1254.7,623.4,360312033,2
1262.0,617.4,360312051,2
1138.4,731.8,360312066,2
1207.4,667.0,360312078,2
1283.1,599.1,360312098,2
1183.0,687.6,360312112,2
1224.4,647.6,360312123,2
1259.6,611.3,360312141,2
1239.6,636.5,360312169,2
1356.0,540.7,360312186,2
1308.1,583.6,360312202,2
1313.2,587.2,360312212,2
1412.2,504.5,360312232,2
1356.4,545.8,360312246,2
1414.0,515.6,360312257,2
1483.7,449.3,360312277,2
1437.1,495.4,360312291,2
1493.8,454.8,360312324,2
1419.9,518.2,360312336,2
1353.1,590.2,360312348,2
1438.3,524.3,360312366,2
1317.5,631.0,360312383,2
1340.1,608.2,360312394,2
1377.1,570.9,360312411,2
1263.9,648.4,360312429,2
1275.6,637.6,360312439,2
1264.6,645.7,360312473,2
1253.3,656.0,360312483,2
1336.8,577.3,360312501,2
1385.7,531.9,360312517,2
1405.9,514.1,360312528,2
1499.3,420.1,360312546,2
1357.7,559.7,360312562,2
1375.6,539.3,360312573,2
1371.8,539.3,360312592,2
1495.3,420.8,360312620,2
1556.9,364.3,360312636,2
1408.4,505.6,360312654,2
1445.5,473.7,360312664,2
1543.1,385.1,360312681,2
1430.3,492.2,360312697,2
1394.1,526.4,360312707,2
1343.6,579.2,360312727,2
1361.3,578.2,360312743,2
1428.1,517.5,360312771,2
1374.7,564.9,360312789,2
1428.4,513.7,360312799,2
1408.4,575.5,360312817,2
1383.7,589.7,360312831,2
1432.2,529.1,360312843,2
1423.9,539.5,360312861,2
1369.8,569.9,360312877,2
1394.2,536.0,360312889,2
1396.7,534.6,360312925,2
1398.9,546.8,360312933,2
1496.9,450.0,360312951,2
1440.7,493.3,360312966,2
1474.1,468.3,360312978,2
1414.2,523.8,360312996,2
1410.8,525.3,360313012,2
1413.7,513.2,360313023,2
1417.1,499.8,360313043,2
1419.9,479.3,360313070,2
1418.3,479.6,360313086,2
1553.9,422.7,360313102,2
1706.7,449.7,360313133,2
1644.8,439.8,360313147,2
1662.7,442.6,360313158,2
1686.0,463.1,360313178,2
1661.9,462.4,360313193,2
1642.4,486.2,360313224,2
1652.1,491.2,360313238,2
1676.5,499.3,360313248,2
1705.6,513.9,360313266,2
1710.7,509.4,360313281,2
1734.2,496.2,360313294,2
1744.4,486.8,360313313,2
1732.5,491.0,360313327,2
1724.6,493.0,360313340,2
1710.3,496.5,360313375,2
1685.4,481.3,360313385,2
1688.0,491.9,360313402,2
1685.1,487.1,360313416,2
1725.1,452.5,360313431,2
1741.2,471.1,360313447,2
1727.9,479.7,360313462,2
1709.5,496.7,360313474,2
1698.2,541.2,360313491,2
1663.8,603.4,360313521,2
1674.9,596.1,360313537,2
1656.5,584.4,360313551,2
1643.4,607.6,360313564,2
1638.7,533.0,360313582,2
1639.8,516.4,360313597,2
1623.1,544.9,360313609,2
1636.2,535.8,360313627,2
1630.0,548.6,360313644,2
1643.5,549.7,360313672,2
1613.5,604.0,360313687,2
1598.1,616.0,360313698,2
1591.4,622.2,360313716,2
1577.1,650.5,360313732,2
1525.4,717.2,360313743,2
1523.4,719.0,360313762,2
1533.1,701.8,360313778,2
1543.7,681.1,360313791,2
1547.3,667.6,360313824,2
1555.5,662.4,360313835,2
1569.7,647.2,360313852,2
1570.5,641.8,360313866,2
1569.6,640.0,360313879,2
1563.7,624.6,360313896,2
1547.4,609.5,360313911,2
1550.6,605.2,360313926,2
1550.1,597.7,360313942,2
1513.0,590.5,360313970,2
1497.6,586.2,360313987,2
1486.4,576.1,360314002,2
1483.9,575.6,360314013,2
1481.9,576.0,360314031,2
1482.0,574.0,360314046,2
1481.2,579.5,360314060,2
1474.3,591.9,360314077,2
1472.3,592.2,360314093,2
1461.2,595.2,360314123,2
1456.9,591.6,360314137,2
1456.8,594.6,360314148,2
1449.0,591.5,360314166,2
1446.8,587.6,360314183,2
1451.2,567.9,360314194,2
1448.2,564.8,360314211,2
1449.1,565.8,360314228,2
1501.1,539.2,360314239,2
1435.9,563.7,360314272,2
1468.0,566.9,360314284,2
1484.2,539.7,360314301,2
1504.7,528.9,360314317,2
1549.9,499.7,360314329,2
1521.4,515.9,360314349,2
1516.1,521.8,360314361,2
1550.9,489.2,360314374,2
1542.2,499.2,360314391,2
1536.7,507.7,360314420,2
1537.3,524.8,360314436,2
1497.9,547.6,360314454,2
1492.4,549.2,360314463,2
1450.2,536.2,360314481,2
1437.4,540.9,360314498,2
1437.5,535.0,360314509,2
1437.9,534.5,360314526,2
1442.5,531.5,360314543,2
1338.8,534.7,360314587,2
1922.6,504.8,360314841,2
1767.8,454.9,360314887,2
1738.9,482.2,360314901,2
1700.1,493.5,360314913,2
1691.6,494.9,360314931,2
1695.7,500.4,360314945,2
1698.8,500.1,360314960,2
1723.7,459.6,360314976,2
1723.0,464.8,360314991,2
1704.5,463.3,360315023,2
1717.8,472.0,360315036,2
1711.2,474.6,360315049,2
1756.9,505.4,360315066,2
1748.9,506.0,360315082,2
1752.9,504.4,360315094,2
1732.3,505.7,360315112,2
1734.2,505.4,360315126,2
1739.7,502.7,360315139,2
1719.5,496.2,360315173,2
1730.1,492.5,360315184,2
1724.6,476.2,360315201,2
1721.4,473.7,360315216,2
1741.8,463.6,360315229,2
1737.0,451.6,360315246,2
1755.0,470.1,360315262,2
1755.7,472.1,360315274,2
1745.2,468.2,360315290,2
1755.0,492.2,360315319,2
1752.6,489.5,360315336,2
1742.6,493.4,360315351,2
1735.2,478.9,360315365,2
1725.0,469.8,360315381,2
1734.5,477.5,360315396,2
1732.0,511.6,360315411,2
1727.8,509.8,360315428,2
1727.2,521.4,360315441,2
1711.2,536.9,360315473,2
1696.0,551.2,360315487,2
1682.1,565.7,360315499,2
1652.7,518.2,360315517,2
1645.1,530.1,360315534,2
1565.8,565.9,360315545,2
1547.2,575.9,360315562,2
1537.6,582.5,360315577,2
1536.3,593.9,360315589,2
1512.9,624.1,360315625,2
1514.0,625.6,360315633,2
1514.0,628.9,360315651,2
1514.0,626.7,360315666,2
1562.4,566.9,360315679,2
1581.3,552.7,360315695,2
1628.5,506.0,360315712,2
1623.3,502.3,360315725,2
1622.9,488.4,360315741,2
1633.4,450.4,360315770,2
1655.5,410.0,360315785,2
1653.8,412.1,360315801,2
1653.1,416.7,360315814,2
1653.7,419.8,360315831,2
1665.0,423.3,360315847,2
1685.6,439.9,360315859,2
1639.7,459.0,360315877,2
1636.0,451.3,360315892,2
1629.9,446.0,360315923,2
1638.8,443.2,360315936,2
1625.8,452.0,360315948,2
1608.9,465.7,360315966,2
1619.2,461.6,360315981,2
1617.4,465.4,360315993,2
1588.4,458.0,360316011,2
1595.0,453.1,360316026,2
1588.4,455.8,360316039,2
1569.4,470.3,360316072,2
1581.1,458.3,360316084,2
1574.3,471.3,360316102,2
1566.6,479.0,360316117,2
1502.3,466.1,360316129,2
1491.6,463.1,360316146,2
1493.3,420.5,360316163,2
1504.7,412.0,360316175,2
1519.4,424.1,360316191,2
1516.8,423.7,360316219,2
1512.9,426.6,360316236,2
1509.3,433.3,360316252,2
1507.4,435.9,360316263,2
1506.8,434.9,360316281,2
1518.3,424.3,360316297,2
1521.5,418.1,360316309,2
1519.8,417.0,360316326,2
1511.7,415.3,360316342,2
1503.1,415.3,360316372,2
1492.1,420.7,360316387,2
1489.1,420.8,360316398,2
1479.3,420.5,360316416,2
1467.6,407.5,360316432,2
1459.9,404.4,360316444,2
1457.7,397.7,360316462,2
1457.0,397.0,360316476,2
1453.8,393.9,360316489,2
1445.2,391.8,360316522,2
1447.7,391.9,360316533,2
1466.0,448.3,360316552,2
1471.1,460.1,360316567,2
1471.7,461.1,360316581,2
1474.4,430.4,360316595,2
1476.2,425.5,360316612,2
1474.4,436.2,360316626,2
1472.4,454.0,360316641,2
1486.1,475.7,360316670,2
1476.1,466.2,360316685,2
1463.9,461.1,360316703,2
1455.4,445.4,360316714,2
1462.0,432.2,360316731,2
1467.3,424.5,360316746,2
1462.6,421.5,360316759,2
1543.0,419.9,360316776,2
1546.3,423.2,360316792,2
1515.3,429.6,360316823,2
1454.5,438.2,360316836,2
1453.1,436.9,360316849,2
1456.6,440.4,360316866,2
1461.5,442.0,360316882,2
1471.4,446.0,360316894,2
1466.1,444.1,360316911,2
1463.7,440.4,360316927,2
1456.1,436.3,360316940,2
1454.5,435.9,360316973,2
1461.7,434.8,360316984,2
1497.8,434.1,360317000,2
1495.0,429.7,360317016,2
1484.5,427.9,360317029,2
1471.5,421.0,360317046,2
1468.0,419.5,360317062,2
1470.1,422.2,360317074,2
1467.0,439.8,360317091,2
1470.0,439.6,360317119,2
1478.9,475.8,360317136,2
1483.4,491.8,360317152,2
1476.5,499.1,360317164,2
1471.2,433.8,360317183,2
1470.6,438.9,360317196,2
1467.7,437.3,360317209,2
1461.5,442.2,360317226,2
1455.7,445.5,360317242,2
1446.5,442.3,360317274,2
1444.8,440.4,360317288,2
1446.8,440.2,360317299,2
1444.6,430.9,360317316,2
1448.0,427.0,360317331,2
1447.6,437.4,360317343,2
1449.2,432.7,360317361,2
1449.4,430.4,360317377,2
1459.6,413.7,360317389,2
1466.9,407.7,360317423,2
1477.3,395.3,360317434,2
1475.3,399.0,360317450,2
1472.1,403.2,360317467,2
1475.9,438.7,360317478,2
1496.2,440.9,360317497,2
1509.8,439.9,360317512,2
1479.8,436.7,360317524,2
1462.2,440.1,360317542,2
1445.4,430.7,360317571,2
1440.6,426.7,360317587,2
1439.2,416.6,360317601,2
1435.3,415.6,360317616,2
1432.9,403.2,360317631,2
1432.6,420.9,360317646,2
1422.7,442.6,360317659,2
1436.5,437.0,360317676,2
1455.2,427.7,360317691,2
1502.1,441.3,360317722,2
1476.2,444.1,360317737,2
1462.3,465.8,360317749,2
1440.6,432.8,360317767,2
1448.6,441.9,360317782,2
1444.6,445.2,360317793,2
1440.1,449.4,360317811,2
1439.0,444.3,360317826,2
1447.8,436.6,360317840,2
1451.3,438.0,360317873,2
1452.5,438.6,360317883,2
1472.4,470.3,360317902,2
1481.2,487.8,360317917,2
1488.2,499.2,360317928,2
1530.9,516.6,360317946,2
1550.8,531.8,360317962,2
1557.4,537.8,360317974,2
1619.4,536.6,360317991,2
1616.8,568.2,360318019,2
1625.1,560.4,360318037,2
1625.4,550.0,360318054,2
1616.5,587.1,360318064,2
1607.4,607.7,360318080,2
1615.8,614.1,360318096,2
1619.7,613.1,360318110,2
1636.2,610.2,360318128,2
1698.5,611.3,360318141,2
1675.1,680.0,360318546,2
1587.7,672.0,360318577,2
1589.1,653.7,360318591,2
1556.3,660.9,360318622,2
1548.7,659.0,360318635,2
1551.8,653.3,360318648,2
1547.1,612.6,360318665,2
1549.4,608.1,360318681,2
1548.9,605.4,360318693,2
1589.1,649.0,360318711,2
1593.7,644.4,360318727,2
1590.7,636.4,360318739,2
1565.7,603.9,360318774,2
1563.3,598.3,360318784,2
1542.4,625.3,360318801,2
1515.3,619.7,360318817,2
1507.4,640.6,360318828,2
1511.2,636.0,360318848,2
1507.6,648.9,360318861,2
1425.5,621.7,360318873,2
1395.3,607.7,360318894,2
1390.8,601.8,360318919,2
1397.9,596.2,360318936,2
1520.2,547.5,360318951,2
1561.8,512.8,360318964,2
1549.7,526.3,360318981,2
1524.1,576.2,360318997,2
1565.9,577.5,360319008,2
1603.7,558.2,360319026,2
1607.2,556.0,360319041,2
1613.4,535.4,360319072,2
1609.6,553.4,360319087,2
1608.7,543.2,360319098,2
1560.8,574.4,360319118,2
1520.2,625.4,360319132,2
1490.8,655.4,360319144,2
1457.1,663.0,360319163,2
1440.6,664.1,360319177,2
1444.6,668.4,360319189,2
1430.2,685.7,360319223,2
1432.4,681.1,360319236,2
1624.4,518.8,360319251,2
1555.5,594.9,360319267,2
1537.8,594.9,360319279,2
1476.2,667.5,360319295,2
1476.6,670.0,360319311,2
1473.2,677.7,360319323,2
1419.8,723.9,360319341,2
1573.4,494.1,360319370,2
1450.9,682.2,360319388,2
1540.0,537.8,360319402,2
1567.4,493.4,360319413,2
1452.2,571.0,360319432,2
1489.7,532.4,360319449,2
1497.6,526.7,360319457,2
1434.0,643.7,360319476,2
1472.9,604.5,360319491,2
1473.5,616.2,360319523,2
1514.8,565.1,360319537,2
1523.7,547.4,360319549,2
1536.8,513.7,360319566,2
1524.4,525.9,360319582,2
1578.5,450.1,360319594,2
1596.9,426.8,360319610,2
1600.2,428.5,360319627,2
1605.3,431.8,360319640,2
1605.4,440.5,360319673,2
1600.5,444.6,360319684,2
1604.2,442.9,360319702,2
1581.1,482.9,360319717,2
1581.6,480.0,360319728,2
1588.0,490.4,360319746,2
1512.0,572.3,360319762,2
1522.1,558.2,360319774,2
1527.7,530.5,360319790,2
1440.3,584.4,360319820,2
1428.4,610.4,360319836,2
1422.7,621.6,360319851,2
1420.5,631.7,360319864,2
1412.9,645.3,360319881,2
1418.0,635.3,360319897,2
1422.3,629.8,360319910,2
1420.2,634.5,360319925,2
1421.4,628.4,360319942,2
1401.5,655.8,360319974,2
1391.8,671.1,360319987,2
1365.0,674.1,360319999,2
1368.7,680.3,360320015,2
1371.4,680.6,360320032,2
1376.8,668.3,360320044,2
1459.9,569.4,360320061,2
1463.9,561.6,360320077,2
1437.5,594.2,360320088,2
1376.8,668.2,360320122,2
1365.9,681.0,360320133,2
1356.9,683.6,360320150,2
1356.1,683.6,360320167,2
1355.2,682.8,360320178,2
1353.1,683.4,360320198,2
1352.9,696.5,360320212,2
1352.8,704.1,360320225,2
1360.9,728.6,360320240,2
1536.3,516.5,360320269,2
1470.3,598.2,360320286,2
1390.4,672.1,360320302,2
1372.3,681.3,360320314,2
1376.9,662.1,360320333,2
1328.5,708.1,360320347,2
1334.8,699.5,360320360,2
1338.7,698.4,360320376,2
1344.5,714.2,360320391,2
1593.6,493.4,360320422,2
1558.7,522.8,360320436,2
1295.8,811.8,360320447,2
1352.7,727.6,360320466,2
1456.5,620.0,360320482,2
1473.8,594.8,360320511,2
1429.4,647.3,360320526,2
1454.5,604.9,360320540,2
1494.0,590.1,360320572,2
1499.8,609.8,360320582,2
1547.2,524.6,360320602,2
1531.1,555.5,360320616,2
1534.8,579.4,360320628,2
1644.4,485.6,360320646,2
1633.5,506.0,360320661,2
1615.6,533.9,360320673,2
1652.0,494.9,360320691,2
1514.9,679.9,360320720,2
1551.4,641.6,360320737,2
1576.4,612.7,360320751,2
1526.2,661.6,360320762,2
1593.4,554.4,360320781,2
1574.9,558.3,360320797,2
1544.7,599.6,360320808,2
1593.6,529.2,360320826,2
1561.7,579.5,360320842,2
1542.0,614.8,360320872,2
1511.0,671.9,360320886,2
1532.7,641.6,360320897,2
1572.9,595.5,360320918,2
1542.9,621.7,360320931,2
1546.2,607.1,360320942,2
1578.8,535.0,360320960,2
1510.9,628.8,360320979,2
1509.6,620.8,360320988,2
1423.5,689.4,360321025,2
1475.0,640.6,360321035,2
1484.5,674.2,360321051,2
1485.5,705.2,360321067,2
1530.5,567.5,360321078,2
1541.0,570.8,360321098,2
1564.3,541.2,360321112,2
1511.0,585.0,360321122,2
1524.6,550.3,360321142,2
1471.1,589.4,360321170,2
1405.0,649.3,360321186,2
1435.4,610.9,360321201,2
1517.8,536.3,360321213,2
1570.0,490.2,360321231,2
1582.0,478.4,360321246,2
1596.8,463.4,360321257,2
1598.5,456.2,360321276,2
1594.9,457.1,360321290,2
1596.9,460.9,360321322,2
1596.6,462.9,360321335,2
1590.9,459.9,360321348,2
1587.9,448.5,360321365,2
1578.1,396.6,360321381,2
1587.0,370.3,360321392,2
1596.9,358.9,360321410,2
1602.1,361.2,360321427,2
1602.8,358.6,360321438,2
1613.2,359.4,360321473,2
1612.2,360.3,360321484,2
1611.8,386.6,360321503,2
1611.7,381.0,360321516,2
1578.2,420.9,360321529,2
1509.7,494.2,360321548,2
1435.9,558.6,360321562,2
1488.8,511.8,360321574,2
1507.3,495.2,360321591,2
1538.4,479.9,360321619,2
1573.1,452.5,360321636,2
1595.7,434.3,360321652,2
1540.4,479.3,360321663,2
1544.7,466.7,360321683,2
1529.3,464.3,360321698,2
1457.3,497.6,360321708,2
1445.5,533.4,360321726,2
1410.6,566.9,360321741,2
1382.2,566.2,360321789,2
1408.0,574.2,360321797,2
1496.1,497.6,360321815,2
1485.6,511.6,360321830,2
1482.9,513.4,360321842,2
1527.7,466.3,360321860,2
1463.0,524.9,360321876,2
1461.8,525.6,360321888,2
1381.0,574.1,360321922,2
1448.5,518.1,360321933,2
1420.2,534.2,360321950,2
1294.0,628.4,360321967,2
1357.5,587.1,360321977,2
1411.9,548.5,360321995,2
1301.0,638.6,360322011,2
1340.2,606.5,360322024,2
1373.2,582.6,360322040,2
1304.1,626.3,360322070,2
1409.4,544.0,360322086,2
1371.2,563.6,360322101,2
1410.3,529.6,360322112,2
1400.7,540.9,360322131,2
1352.8,588.8,360322146,2
1390.0,562.9,360322159,2
1352.0,636.6,360322175,2
1348.9,645.2,360322191,2
1333.9,684.9,360322223,2
1363.1,683.1,360322236,2
1438.2,613.1,360322247,2
1422.7,377.4,360322625,2
1251.9,602.5,360322643,2
1300.4,588.0,360322671,2
1331.2,589.0,360322686,2
1238.4,652.2,360322698,2
1250.5,638.0,360322716,2
1302.5,587.0,360322731,2
1357.3,491.6,360322744,2
1367.6,481.5,360322761,2
1374.9,495.0,360322777,2
1384.7,498.2,360322789,2
1410.1,517.9,360322821,2
1412.9,519.5,360322834,2
1426.7,526.6,360322853,2
1431.2,503.6,360322866,2
1434.8,463.3,360322878,2
1422.3,413.6,360322897,2
1420.8,414.6,360322911,2
1390.9,411.7,360322923,2
1389.6,407.1,360322941,2
1395.8,411.7,360322970,2
1435.2,419.1,360322986,2
1476.2,418.1,360323001,2
1513.0,421.5,360323013,2
1544.9,414.2,360323031,2
1525.9,423.9,360323047,2
1518.2,422.3,360323059,2
1519.0,422.1,360323076,2
1527.0,414.0,360323090,2
1515.3,370.0,360323122,2
1507.2,360.0,360323136,2
1506.4,359.8,360323148,2
1506.2,360.5,360323166,2
1560.3,397.8,360323181,2
1571.7,407.2,360323196,2
1595.6,417.4,360323211,2
1596.2,414.1,360323225,2
1623.7,412.1,360323240,2
1661.9,443.8,360323273,2
1637.4,411.4,360323286,2
1714.4,467.9,360323301,2
1709.7,474.7,360323316,2
1702.0,478.3,360323328,2
1745.1,454.8,360323346,2
1740.5,486.8,360323363,2
1748.0,472.5,360323374,2
1746.5,473.9,360323392,2
1779.1,429.9,360323420,2
1797.2,411.8,360323436,2
1798.9,392.2,360323452,2
1725.5,425.5,360323465,2
1733.9,404.5,360323483,2
1741.1,387.2,360323497,2
1718.0,415.3,360323509,2
1763.4,348.6,360323527,2
1793.8,291.9,360323540,2
1828.6,236.6,360323571,2
1867.9,179.2,360323586,2
1888.3,149.6,360323600,2
1921.5,131.0,360323615,2
1892.8,154.7,360323631,2
1880.1,150.0,360323645,2
1706.7,212.4,360323662,2
1674.2,280.0,360323677,2
1621.0,393.9,360323690,2
1615.9,411.5,360323723,2
1607.8,422.6,360323734,2
1627.0,430.0,360323751,2
1645.0,458.1,360323767,2
1605.7,457.2,360323778,2
1536.6,494.8,360323797,2
1529.0,500.0,360323812,2
1535.7,491.1,360323823,2
1522.0,499.8,360323842,2
1491.9,495.2,360323869,2
1489.4,491.7,360323886,2
1492.5,491.8,360323902,2
1530.1,478.4,360323914,2
1506.2,496.0,360323931,2
1508.9,498.5,360323946,2
1521.2,495.2,360323960,2
1541.5,515.6,360323976,2
1594.6,479.6,360323990,2
1559.9,530.0,360324024,2
1570.3,516.1,360324037,2
1595.7,483.7,360324048,2
1589.5,490.5,360324066,2
1595.2,482.7,360324081,2
1599.4,474.8,360324094,2
1575.0,485.2,360324110,2
1532.3,509.2,360324125,2
1478.5,546.3,360324139,2
1455.0,587.2,360324171,2
1312.6,696.8,360324530,2
1521.1,463.0,360324561,2
1496.6,471.1,360324576,2
1450.6,487.8,360324587,2
1337.6,594.4,360324623,2
1217.8,834.1,360324652,2
1217.1,776.0,360324666,2
1269.3,684.0,360324677,2
1335.0,668.9,360324696,2
1335.4,703.0,360324710,2
1342.9,700.4,360324723,2
1415.8,591.6,360324740,2
1394.1,628.5,360324769,2
1366.7,667.0,360324786,2
1390.7,607.6,360324802,2
1419.6,591.2,360324813,2
1417.4,578.1,360324831,2
1409.0,579.0,360324847,2
1428.8,571.6,360324858,2
1433.9,570.5,360324876,2
1427.5,673.7,360324893,2
1424.2,690.7,360324924,2
1425.5,696.8,360324936,2
1389.4,684.2,360324948,2
1384.1,681.8,360324966,2
1403.6,677.8,360324980,2
1434.9,622.8,360324993,2
1419.8,597.6,360325010,2
1446.7,577.1,360325028,2
1453.8,552.8,360325038,2
1436.8,559.2,360325071,2
1442.1,570.1,360325084,2
1563.0,534.3,360325101,2
1555.1,538.3,360325117,2
1581.9,488.0,360325129,2
1533.4,533.8,360325146,2
1603.6,516.9,360325161,2
1593.8,519.4,360325173,2
1601.5,508.6,360325193,2
1610.0,522.1,360325220,2
1610.0,522.1,360325236,2
1622.7,491.0,360325252,2
1612.4,494.1,360325263,2
1609.0,485.0,360325281,2
1564.2,484.3,360325295,2
1508.0,514.6,360325308,2
1500.6,508.0,360325326,2
1490.3,501.5,360325341,2
1529.6,497.8,360325372,2
1517.1,506.7,360325386,2
1523.5,505.7,360325398,2
1552.3,502.6,360325416,2
1539.2,513.3,360325431,2
1521.8,525.3,360325443,2
1453.5,540.4,360325461,2
1488.3,505.9,360325476,2
1528.1,477.7,360325488,2
1529.2,430.8,360325521,2
1514.6,456.2,360325536,2
1492.7,495.3,360325551,2
1558.3,478.1,360325565,2
1518.4,503.7,360325578,2
1553.3,506.2,360325595,2
1553.3,508.2,360325611,2
1524.8,553.7,360325641,2
1469.6,598.3,360325669,2
1426.4,603.5,360325686,2
1469.8,605.1,360325701,2
1473.3,582.6,360325713,2
1463.7,603.5,360325730,2
1532.8,537.0,360325745,2
1537.5,539.7,360325758,2
1555.4,513.3,360325775,2
1556.3,510.0,360325790,2
1569.4,490.6,360325821,2
1582.4,468.3,360325835,2
1583.2,467.3,360325850,2
1583.8,466.5,360325867,2
1582.8,472.9,360325880,2
1553.3,513.6,360325895,2
1501.1,571.0,360325910,2
1495.8,574.8,360325926,2
1496.4,575.4,360325939,2
1572.9,469.2,360325973,2
1563.9,464.1,360325983,2
1552.1,471.7,360326001,2
1535.8,484.3,360326017,2
1504.3,518.8,360326027,2
1475.7,546.3,360326046,2
1460.4,567.6,360326062,2
1495.6,519.1,360326073,2
1482.3,543.1,360326091,2
1508.3,489.9,360326120,2
1533.0,451.8,360326137,2
1413.4,568.2,360326152,2
1403.2,588.7,360326162,2
1418.3,577.0,360326181,2
1461.7,545.2,360326196,2
1422.3,575.4,360326208,2
1384.1,601.4,360326227,2
1370.0,608.0,360326242,2
1366.8,623.1,360326272,2
1361.1,628.7,360326287,2
1361.4,628.0,360326299,2
1461.2,653.4,360326721,2
1403.8,651.4,360326736,2
1404.9,650.3,360326747,2
1431.2,641.5,360326766,2
1421.9,651.1,360326783,2
1408.0,656.1,360326792,2
1378.9,639.6,360326811,2
1369.5,617.4,360326827,2
1363.2,615.3,360326837,2
1347.5,608.3,360326871,2
1342.9,619.7,360326883,2
1335.0,652.8,360326903,2
1336.8,641.1,360326916,2
1334.4,648.4,360326928,2
1453.9,512.9,360326945,2
1425.2,647.1,360326962,2
1457.0,583.6,360326974,2
1457.3,573.0,360326990,2
1437.4,622.8,360327021,2
1380.7,727.2,360327035,2
1351.7,822.2,360327050,2
1311.1,845.4,360327081,2
1200.0,922.8,360327095,2
1164.6,928.9,360327110,2
1138.5,859.1,360327125,2
1143.4,844.0,360327141,2
1218.0,731.9,360327171,2
1202.2,746.9,360327188,2
1275.0,698.0,360327199,2
1313.1,665.1,360327216,2
1309.1,664.3,360327232,2
1324.1,648.8,360327244,2
1321.5,658.3,360327261,2
1327.9,659.0,360327276,2
1338.2,661.1,360327289,2
1352.4,647.2,360327321,2
1359.6,632.4,360327334,2
1357.4,627.0,360327351,2
1350.4,630.7,360327366,2
1342.5,635.1,360327379,2
1339.2,629.4,360327396,2
1339.8,617.2,360327412,2
1333.6,611.7,360327423,2
1320.0,642.3,360327442,2
1372.6,538.2,360327470,2
1369.6,532.6,360327486,2
1330.3,549.8,360327501,2
1359.2,526.9,360327514,2
1369.5,519.0,360327532,2
1352.6,561.7,360327546,2
1355.5,570.2,360327558,2
1411.0,543.1,360327576,2
1403.7,549.6,360327591,2
1286.3,611.7,360327636,2
1399.2,554.4,360327649,2
1233.0,606.4,360327680,2
1280.0,716.4,360327694,2
1304.7,735.8,360327726,2
1649.7,534.1,360328132,2
1645.3,467.2,360328163,2
1686.8,515.5,360328176,2
1686.4,533.1,360328187,2
1700.1,569.3,360328232,2
1739.8,635.3,360328279,2
1652.2,544.1,360328368,2
1774.4,470.6,360328430,2
1744.5,517.4,360328447,2
1543.7,658.8,360328475,2
1497.1,668.1,360328491,2
1464.6,645.8,360328523,2
1441.8,632.7,360328537,2
1447.5,623.8,360328550,2
1432.0,596.0,360328565,2
1417.8,561.4,360328583,2
1450.7,513.8,360328594,2
1458.7,515.4,360328611,2
1446.8,533.9,360328625,2
1486.2,507.4,360328638,2
1467.4,542.3,360328672,2
1487.0,526.6,360328683,2
1462.0,572.0,360328701,2
1453.5,572.4,360328717,2
1419.1,593.1,360328728,2
1636.0,553.1,360329165,2
1519.1,380.2,360329197,2
1548.8,364.8,360329210,2
1567.6,351.9,360329223,2
1538.7,377.7,360329240,2
1428.0,432.4,360329268,2
1423.1,432.9,360329285,2
1518.0,366.6,360329314,2
1809.6,227.0,360329331,2
1624.3,318.5,360329422,2
1682.8,337.2,360329436,2
1758.9,327.8,360329448,2
1636.5,332.0,360329465,2
1634.2,355.4,360329480,2
1619.9,365.5,360329493,2
1616.9,366.9,360329510,2
1543.1,341.0,360329525,2
1534.4,371.1,360329539,2
1558.3,289.0,360329584,2
1609.9,258.2,360329600,2
1575.3,290.3,360329615,2
1514.5,318.5,360329630,2
1513.2,307.7,360329647,2
1451.0,297.4,360329660,2
1397.0,348.1,360329690,2
1425.8,414.8,360329735,2
1423.3,449.9,360329750,2
1381.8,509.5,360329766,2
1378.9,520.8,360329781,2
1386.0,528.8,360329796,2
1406.7,521.5,360329809,2
1418.1,522.4,360329826,2
1385.0,529.5,360329841,2
1485.4,443.4,360329872,2
1470.5,465.0,360329885,2
1460.7,484.7,360329899,2
1490.3,438.9,360329915,2
1456.1,513.4,360329931,2
1483.2,489.0,360329943,2
1477.7,498.8,360329963,2
1468.1,510.3,360329975,2
1496.7,476.2,360329989,2
1480.0,497.0,360330021,2
1400.4,519.5,360330034,2
1425.8,527.4,360330052,2
1395.1,506.7,360330067,2
1392.0,512.1,360330080,2
1378.1,516.0,360330097,2
1376.5,516.9,360330112,2
1385.1,542.4,360330141,2
1442.6,612.8,360330201,2
1633.0,625.4,360330246,2
1669.3,744.7,360330289,2
1606.5,679.9,360330320,2
1630.2,745.2,360330335,2
1546.9,614.0,360330349,2
1498.4,528.1,360330365,2
1488.7,521.3,360330381,2
1507.1,498.1,360330394,2
1515.7,505.4,360330413,2
1518.8,532.3,360330426,2
1588.7,497.9,360330471,2
1583.6,534.2,360330484,2
1554.6,530.7,360330500,2
1534.1,542.9,360330517,2
1533.6,542.4,360330528,2
1452.0,603.3,360330545,2
1476.2,582.7,360330560,2
1532.4,526.1,360330573,2
1536.1,521.9,360330591,2
1367.9,737.4,360330620,2
1373.4,724.5,360330650,2
1367.7,726.0,360330663,2
1334.3,696.6,360330680,2
1333.5,693.1,360330695,2
1334.2,684.2,360330708,2
1326.1,653.2,360330725,2
1321.1,622.2,360330742,2
1301.1,580.7,360330774,2
1301.4,580.7,360330786,2
1372.8,558.4,360330818,2
1411.6,547.8,360330830,2
1460.7,522.6,360330843,2
1509.6,529.0,360330860,2
1492.8,544.5,360330875,2
1512.8,527.7,360330889,2
1581.3,472.8,360330995,2
1555.3,207.8,360331012,2
1335.5,936.2,360331371,2
1184.9,683.6,360331382,2
1186.9,688.3,360331416,2
1171.4,692.8,360331460,2
1163.9,705.6,360331472,2
1165.5,714.3,360331489,2
1216.0,746.1,360331519,2
1283.6,816.0,360331535,2
1396.6,687.4,360331551,2
1378.5,679.6,360331563,2
1413.2,651.2,360331580,2
1487.8,513.6,360331596,2
1484.7,504.8,360331607,2
1437.7,553.1,360331626,2
1487.3,478.0,360331641,2
1384.3,621.4,360331671,2
1408.4,587.9,360331686,2
1382.4,627.3,360331699,2
1400.5,601.4,360331716,2
1404.8,603.8,360331732,2
1416.0,593.7,360331743,2
1453.9,539.0,360331761,2
1473.6,484.8,360331776,2
1467.8,503.1,360331789,2
1483.9,469.5,360331822,2
1518.0,449.1,360331832,2
1549.0,423.4,360331853,2
1559.8,427.0,360331865,2
1543.3,434.1,360331878,2
1465.0,520.3,360331898,2
1482.3,504.7,360331912,2
1487.9,496.8,360331923,2
1469.4,516.7,360331940,2
1541.6,467.1,360331969,2
1566.9,452.2,360331984,2
1547.9,458.8,360332000,2
1541.1,452.5,360332012,2
1551.2,431.8,360332029,2
1550.1,432.7,360332045,2
1544.6,431.3,360332056,2
1539.8,428.8,360332074,2
1540.1,431.9,360332089,2
1531.6,429.9,360332121,2
1524.1,424.8,360332135,2
1521.3,423.6,360332148,2
1344.3,573.8,360332165,2
1393.1,529.9,360332181,2
1396.9,524.1,360332195,2
1464.4,457.8,360332210,2
1454.0,466.5,360332225,2
1438.5,488.3,360332238,2
1454.9,491.5,360332272,2
1440.6,507.8,360332282,2
1436.9,519.2,360332302,2
1438.4,518.1,360332317,2
1430.7,534.1,360332328,2
1438.2,536.0,360332347,2
1447.7,568.6,360332362,2
1444.7,569.1,360332373,2
1439.7,566.1,360332391,2
1433.6,564.3,360332419,2
1450.9,581.5,360332436,2
1406.7,589.2,360332450,2
1401.5,587.9,360332464,2
1408.3,587.1,360332480,2
1411.1,587.3,360332499,2
1389.8,584.8,360332507,2
1362.7,606.7,360332525,2
1361.7,609.5,360332540,2
1368.7,591.6,360332572,2
1361.6,600.8,360332585,2
1359.9,610.7,360332598,2
1290.1,673.4,360332616,2
1301.5,661.0,360332631,2
1290.6,672.6,360332643,2
1295.2,670.3,360332661,2
1296.9,669.7,360332675,2
1257.7,684.7,360332688,2
1302.2,655.2,360332723,2
1290.0,663.3,360332732,2
1306.1,678.7,360332750,2
1312.7,656.0,360332765,2
1282.8,670.7,360332778,2
1261.0,682.1,360332796,2
1285.5,668.5,360332811,2
1278.2,674.4,360332823,2
1274.8,667.9,360332840,2
1251.7,684.7,360332870,2
1272.6,671.2,360332887,2
1287.2,650.6,360332900,2
1291.5,656.9,360332914,2
1302.0,655.2,360332931,2
1317.8,652.4,360332948,2
1320.6,653.2,360332959,2
1345.8,620.0,360332977,2
1333.4,633.0,360332990,2
1361.1,623.4,360333021,2
1348.1,636.2,360333035,2
1263.9,649.1,360333048,2
1256.1,647.5,360333066,2
1253.0,615.7,360333080,2
1254.6,616.5,360333094,2
1282.5,623.6,360333127,2
1271.1,635.4,360333138,2
1329.9,609.3,360333173,2
1329.8,612.9,360333183,2
1440.9,474.1,360333203,2
1436.9,473.0,360333215,2
1391.2,526.2,360333228,2
1347.5,610.6,360333246,2
1372.1,582.2,360333261,2
1366.7,589.0,360333272,2
1333.4,636.1,360333290,2
1424.3,712.8,360333319,2
1448.5,673.7,360333695,2
1447.0,687.0,360333711,2
1451.7,659.3,360333722,2
1455.6,638.5,360333741,2
1457.4,634.5,360333770,2
1466.3,632.0,360333785,2
1561.5,603.3,360333801,2
1535.1,609.2,360333813,2
1550.1,586.3,360333831,2
1597.7,472.4,360333845,2
1593.6,495.4,360333858,2
1589.0,466.0,360333874,2
1578.3,512.4,360333891,2
1584.7,478.2,360333921,2
1573.4,526.9,360333936,2
1570.2,518.6,360333947,2
1583.2,458.8,360333966,2
1574.8,473.2,360333980,2
1571.1,484.7,360333993,2
1579.8,476.7,360334010,2
1578.2,485.0,360334026,2
1571.0,509.4,360334038,2
1582.9,427.2,360334072,2
1576.5,462.3,360334083,2
1584.5,511.7,360334101,2
1596.5,487.9,360334115,2
1603.8,442.7,360334131,2
1660.4,408.4,360334145,2
1670.1,419.0,360334161,2
1704.0,493.2,360334172,2
1679.9,432.2,360334190,2
1694.2,447.2,360334219,2
1645.7,452.4,360334236,2
1649.0,450.9,360334250,2
1672.8,452.5,360334263,2
1640.1,432.0,360334280,2
1631.7,422.1,360334295,2
1654.0,427.8,360334307,2
1716.5,381.0,360334326,2
1678.2,412.8,360334340,2
1705.7,388.9,360334371,2
1686.9,399.6,360334385,2
1701.4,380.7,360334398,2
1664.3,393.7,360334415,2
1628.5,370.5,360334430,2
1637.6,375.3,360334443,2
1655.2,382.2,360334460,2
1637.1,383.9,360334475,2
1635.1,382.2,360334488,2
1608.7,384.6,360334521,2
1608.3,381.6,360334534,2
1618.0,362.1,360334550,2
1636.8,355.2,360334567,2
1644.8,356.9,360334578,2
1644.5,354.2,360334596,2
1637.5,383.1,360334611,2
1636.0,403.2,360334624,2
1636.3,395.8,360334640,2
1631.2,306.6,360334670,2
1555.1,310.2,360334685,2
1563.3,329.7,360334700,2
1560.7,328.7,360334713,2
1568.3,354.3,360334730,2
1599.9,409.1,360334746,2
1594.8,414.3,360334759,2
1593.6,415.9,360334776,2
1598.3,428.7,360334790,2
1593.7,419.3,360334822,2
1595.9,410.1,360334835,2
1596.8,401.1,360334848,2
1595.1,403.7,360334865,2
1598.1,403.0,360334880,2
1577.3,415.1,360334893,2
1556.9,429.4,360334911,2
1534.2,450.3,360334925,2
1486.4,509.7,360334939,2
1488.9,526.9,360334972,2
1496.0,516.5,360334986,2
1488.0,527.8,360335000,2
1488.3,526.5,360335016,2
1471.2,526.1,360335027,2
1500.7,487.6,360335046,2
1512.9,469.1,360335061,2
1491.0,476.3,360335072,2
1471.7,489.1,360335090,2
1462.3,499.2,360335120,2
1377.4,580.7,360335136,2
1386.0,580.8,360335150,2
1387.2,589.3,360335162,2
1387.2,590.1,360335180,2
1385.3,594.5,360335197,2
1383.1,592.5,360335209,2
1476.3,535.1,360335226,2
1511.4,514.5,360335242,2
1548.2,463.1,360335271,2
1526.1,473.2,360335287,2
1491.6,482.3,360335297,2
1450.2,507.9,360335315,2
1470.9,497.8,360335330,2
1365.6,585.5,360335343,2
1376.1,578.1,360335360,2
1411.3,549.8,360335376,2
1359.5,602.1,360335388,2
1375.2,603.9,360335422,2
1422.4,556.1,360335433,2
1471.2,519.0,360335450,2
1399.3,540.6,360335465,2
1299.5,670.0,360335477,2
1388.8,553.9,360335496,2
1391.7,565.5,360335510,2
1375.3,594.9,360335522,2
1374.7,600.4,360335600,2
336.6,834.0,360335810,2
336.6,834.0,360335825,2
1306.1,710.9,360335873,2
1467.6,714.5,360335900,2
1501.9,534.1,360335916,2
1542.4,527.0,360335927,2
1450.5,524.4,360335945,2
1476.1,497.4,360335960,2
1463.7,517.2,360335972,2
1425.4,557.1,360335992,2
1417.0,569.6,360336018,2
1397.5,580.6,360336036,2
1407.3,560.4,360336050,2
1400.4,557.7,360336062,2
1422.2,522.7,360336081,2
1368.9,559.7,360336096,2
1331.5,612.3,360336106,2
1303.1,652.3,360336126,2
1301.9,653.4,360336140,2
1298.6,660.9,360336171,2
1304.7,659.5,360336187,2
1307.0,655.9,360336196,2
1307.9,645.9,360336215,2
1311.1,620.1,360336230,2
1312.7,609.5,360336242,2
1311.9,608.3,360336261,2
1315.1,605.1,360336276,2
1318.0,603.7,360336287,2
1319.8,602.0,360336321,2
1321.2,600.5,360336332,2
1326.9,598.2,360336351,2
1328.5,584.1,360336368,2
1328.7,578.3,360336377,2
1327.2,563.0,360336398,2
1329.5,562.9,360336410,2
1333.6,564.3,360336422,2
1336.0,564.0,360336443,2
1326.8,570.1,360336469,2
1327.5,575.6,360336486,2
1325.1,575.5,360336500,2
1327.5,571.0,360336513,2
1329.9,556.9,360336531,2
1445.3,473.7,360336545,2
1491.6,446.8,360336558,2
1565.9,458.0,360336575,2
1552.7,463.8,360336591,2
1588.3,448.2,360336622,2
1557.6,475.5,360336636,2
1499.6,541.1,360336648,2
1489.0,632.4,360336667,2
1519.7,614.4,360336681,2
1540.8,611.1,360336694,2
1544.5,607.4,360336711,2
1552.9,600.2,360336726,2
1594.5,478.4,360336740,2
1580.0,546.1,360336774,2
1574.8,571.8,360336783,2
1569.5,572.4,360336800,2
1570.2,569.3,360336815,2
1571.8,563.5,360336828,2
1584.4,527.0,360336846,2
1585.4,524.2,360336861,2
1581.1,539.2,360336874,2
1576.6,551.5,360336920,2
1578.3,543.4,360336935,2
1585.5,538.2,360336951,2
1575.2,564.0,360336964,2
1601.6,463.8,360336980,2
1589.0,486.1,360336995,2
1586.5,503.3,360337009,2
1581.0,517.0,360337025,2
1610.4,485.5,360337041,2
1599.2,491.0,360337072,2
1600.2,494.0,360337088,2
1595.9,488.8,360337099,2
1590.0,463.7,360337116,2
1529.8,460.9,360337131,2
1554.5,468.8,360337161,2
1527.8,485.8,360337175,2
1534.9,486.9,360337187,2
1580.9,487.7,360337221,2
1562.8,470.2,360337233,2
1544.7,462.6,360337250,2
1560.8,463.5,360337265,2
1549.2,460.3,360337279,2
1550.0,446.9,360337295,2
1573.2,421.9,360337312,2
1570.4,440.3,360337323,2
1562.7,442.4,360337340,2
1557.5,434.7,360337368,2
1529.8,454.1,360337385,2
1529.4,453.4,360337401,2
1544.3,453.0,360337413,2
1478.9,477.0,360337430,2
1475.9,484.3,360337445,2
1517.5,476.2,360337458,2
1664.4,582.3,360337850,2
1375.7,378.3,360337863,2
1463.0,413.3,360337879,2
1573.8,454.1,360337895,2
1465.0,492.3,360337907,2
1430.6,502.2,360337925,2
1460.4,474.9,360337940,2
1475.0,462.6,360337973,2
1434.0,496.6,360337986,2
1478.0,482.8,360337998,2
1555.8,451.6,360338015,2
1561.3,448.5,360338030,2
1552.0,464.2,360338044,2
1579.6,449.2,360338060,2
1652.3,421.2,360338077,2
1657.9,453.1,360338089,2
1618.6,469.0,360338121,2
1642.3,462.7,360338132,2
1658.5,472.6,360338150,2
1657.8,479.6,360338165,2
1667.2,485.0,360338180,2
1658.5,467.1,360338195,2
1672.2,420.8,360338210,2
1673.1,416.6,360338223,2
1666.8,445.2,360338240,2
1658.7,416.1,360338269,2
1657.9,418.4,360338286,2
1647.8,419.0,360338301,2
1649.7,420.2,360338313,2
1624.1,427.4,360338331,2
1621.6,427.3,360338346,2
1623.7,423.4,360338358,2
1617.5,423.3,360338376,2
1613.6,422.4,360338390,2
1614.6,425.2,360338421,2
1605.1,443.5,360338435,2
1604.4,442.5,360338448,2
1614.1,456.6,360338465,2
1606.0,455.7,360338480,2
1585.4,455.1,360338493,2
1575.3,454.7,360338510,2
1568.2,445.3,360338525,2
1578.5,431.8,360338538,2
1595.7,408.9,360338571,2
1596.2,404.6,360338582,2
1575.7,475.6,360338601,2
1595.2,476.0,360338616,2
1593.9,473.0,360338627,2
1563.2,490.2,360338644,2
1589.3,455.1,360338660,2
1589.7,446.3,360338673,2
1558.1,449.8,360338691,2
1520.2,510.6,360338718,2
1600.3,430.5,360338735,2
1583.7,448.0,360338750,2
1591.6,439.1,360338762,2
1549.1,478.3,360338779,2
1542.7,483.0,360338796,2
1524.3,499.0,360338807,2
1480.6,539.4,360338825,2
1480.3,538.2,360338841,2
1482.2,541.3,360338871,2
1480.3,546.0,360338887,2
1467.7,568.4,360338897,2
1454.7,573.5,360338915,2
1398.1,574.1,360338931,2
1394.0,582.4,360338945,2
1398.5,563.3,360338959,2
1395.0,570.1,360338976,2
1385.7,572.0,360338988,2
1373.8,588.1,360339022,2
1409.2,555.1,360339033,2
1512.6,474.9,360339051,2
1467.3,492.7,360339068,2
1427.0,500.4,360339078,2
1405.0,503.5,360339095,2
1409.3,524.8,360339111,2
1365.8,567.1,360339123,2
1304.4,623.3,360339140,2
1458.7,504.9,360339170,2
1398.7,577.0,360339185,2
1410.0,564.9,360339200,2
1465.2,497.7,360339211,2
1523.3,432.0,360339229,2
1469.1,472.2,360339245,2
1458.9,476.6,360339257,2
1451.0,499.2,360339277,2
1444.3,515.3,360339291,2
1404.8,553.9,360339322,2
1384.9,581.8,360339335,2
1445.2,528.7,360339347,2
1402.7,567.9,360339365,2
1423.0,567.0,360339380,2
1500.3,499.4,360339395,2
1524.4,477.9,360339409,2
1521.3,478.7,360339426,2
1546.4,458.5,360339438,2
1529.3,543.9,360339472,2
1535.3,530.2,360339483,2
1539.7,502.5,360339499,2
1456.2,532.7,360339515,2
1497.9,505.5,360339528,2
1568.1,455.8,360339546,2
1517.9,491.9,360339561,2
1575.7,435.2,360339572,2
1517.1,476.0,360339590,2
1503.7,480.1,360339620,2
1504.7,469.8,360339634,2
1501.9,472.9,360339652,2
1481.9,477.5,360339662,2
1424.7,495.2,360339681,2
1421.1,494.2,360339697,2
1423.2,492.4,360339710,2
1423.2,494.1,360339725,2
1437.2,501.0,360339740,2
1430.2,494.0,360339772,2
1432.8,490.4,360339786,2
1432.3,490.8,360339799,2
1429.4,488.3,360339815,2
1434.7,489.0,360339830,2
1441.1,477.2,360339842,2
1454.6,466.9,360339861,2
1450.4,615.0,360340189,2
1374.8,579.1,360340221,2
1412.0,569.6,360340235,2
1508.9,528.9,360340247,2
1550.3,510.0,360340264,2
1595.5,506.8,360340280,2
1627.4,478.7,360340292,2
1760.1,399.3,360340310,2
1711.1,443.2,360340325,2
1705.3,463.9,360340338,2
1708.6,488.5,360340371,2
1636.1,484.3,360340382,2
1538.9,507.7,360340400,2
1461.7,502.9,360340416,2
1469.8,499.6,360340429,2
1470.1,508.9,360340445,2
1456.9,510.4,360340461,2
1496.5,496.7,360340473,2
1493.3,513.1,360340490,2
1528.7,485.0,360340519,2
1521.1,500.5,360340534,2
1476.2,495.6,360340550,2
1521.8,460.9,360340563,2
1487.4,496.3,360340581,2
1466.1,549.1,360340595,2
1498.0,506.0,360340608,2
1508.1,489.4,360340625,2
1474.3,551.4,360340642,2
1444.1,594.2,360340673,2
1435.5,609.3,360340688,2
1440.8,573.9,360340698,2
1415.7,555.4,360340716,2
1420.4,543.8,360340731,2
1414.4,546.2,360340743,2
1414.0,544.6,360340760,2
1412.5,544.7,360340776,2
1426.7,533.1,360340788,2
1411.3,574.9,360340821,2
1417.2,609.4,360340833,2
1424.3,591.1,360340850,2
1418.3,574.4,360340865,2
1414.2,568.1,360340879,2
1415.8,551.5,360340896,2
1364.5,612.4,360340910,2
1371.4,598.6,360340924,2
1377.1,591.7,360340942,2
1412.0,555.8,360340968,2
1414.0,531.6,360340985,2
1455.0,508.7,360341000,2
1471.0,512.4,360341014,2
1516.0,477.2,360341030,2
1559.5,505.3,360341045,2
1563.7,502.4,360341058,2
1591.0,434.2,360341074,2
1590.0,446.3,360341091,2
1594.8,478.4,360341121,2
1609.7,482.0,360341136,2
1605.9,499.6,360341148,2
1595.0,531.5,360341165,2
1596.6,521.2,360341181,2
1597.4,509.7,360341194,2
1592.1,522.4,360341211,2
1577.4,551.4,360341225,2
1570.5,551.1,360341241,2
1570.7,544.1,360341272,2
1551.2,533.9,360341283,2
1559.7,535.4,360341301,2
1570.2,507.3,360341315,2
1578.8,501.7,360341328,2
1580.7,524.5,360341345,2
1609.0,495.3,360341359,2
1611.3,491.3,360341373,2
1616.8,480.5,360341390,2
1538.3,521.4,360341419,2
1533.5,526.5,360341436,2
1531.3,518.8,360341451,2
1487.6,546.1,360341461,2
1423.4,577.7,360341479,2
1499.0,516.4,360341495,2
1528.6,490.0,360341507,2
1465.8,565.7,360341524,2
1425.0,611.6,360341541,2
1581.7,425.8,360341572,2
1580.0,424.7,360341587,2
1549.3,459.9,360341598,2
1467.4,553.6,360341616,2
1454.1,567.4,360341631,2
1358.6,644.9,360341642,2
1350.9,652.0,360341661,2
1389.5,630.8,360341676,2
1404.4,610.2,360341688,2
1449.7,572.4,360341722,2
1386.7,618.4,360341732,2
1348.9,651.6,360341752,2
1370.4,620.7,360341766,2
1415.0,567.4,360341778,2
1474.6,492.6,360341797,2
1481.8,489.5,360341811,2
1465.3,517.2,360341823,2
1449.8,546.4,360341840,2
1587.2,473.9,360341869,2
1578.7,498.9,360341887,2
1534.4,548.4,360341900,2
1514.6,567.1,360341913,2
1416.2,666.9,360341930,2
1395.0,674.8,360341945,2
1390.7,684.9,360341960,2
1392.2,685.5,360341976,2
1395.4,668.3,360341990,2
1386.7,634.7,360342022,2
1382.0,642.0,360342036,2
1303.9,658.6,360342048,2
1299.7,658.4,360342064,2
1303.1,653.7,360342081,2
1316.8,647.0,360342094,2
1326.4,650.6,360342111,2
1347.9,660.4,360342125,2
1338.7,657.3,360342138,2
1366.6,654.0,360342171,2
1356.4,660.3,360342184,2
1275.3,709.2,360342200,2
1277.7,685.2,360342217,2
1277.9,681.4,360342229,2
1252.4,692.7,360342245,2
1258.9,682.8,360342261,2
1268.5,673.7,360342273,2
1265.5,674.6,360342292,2
1278.8,666.4,360342320,2
1276.3,662.3,360342335,2
1286.0,658.1,360342352,2
1297.1,656.9,360342364,2
1301.6,654.5,360342381,2
1301.9,654.5,360342396,2
1294.6,653.1,360342408,2
1293.9,649.4,360342426,2
1296.3,650.1,360342441,2
1572.3,418.4,360342471,2
1740.6,546.6,360342801,2
1666.9,497.5,360342814,2
1664.4,499.0,360342829,2
1658.3,506.5,360342844,2
1634.9,531.0,360342858,2
1645.5,510.6,360342874,2
1616.8,536.0,360342890,2
1609.5,496.2,360342923,2
1614.7,462.7,360342936,2
1599.2,484.1,360342946,2
1570.0,532.5,360342964,2
1605.9,449.6,360342980,2
1618.7,421.6,360342992,2
1605.5,418.3,360343009,2
1585.5,447.7,360343025,2
1552.1,509.0,360343037,2
1425.0,524.7,360343072,2
1476.5,508.6,360343082,2
1529.4,493.1,360343099,2
1517.0,481.8,360343115,2
1526.4,457.3,360343127,2
1642.5,387.3,360343146,2
1643.0,386.3,360343160,2
1644.3,384.8,360343173,2
1644.8,384.2,360343190,2
1642.5,387.2,360343218,2
1630.7,408.4,360343236,2
1614.3,433.9,360343251,2
1631.5,413.9,360343262,2
1560.1,514.1,360343280,2
1561.8,512.0,360343295,2
1570.2,495.9,360343307,2
1607.3,431.4,360343325,2
1623.3,393.7,360343340,2
1533.7,498.8,360343372,2
1528.7,504.8,360343385,2
1579.2,447.9,360343396,2
1556.4,472.0,360343416,2
1593.0,424.2,360343430,2
1596.4,421.4,360343442,2
1613.7,409.2,360343460,2
1611.7,412.1,360343476,2
1608.4,409.4,360343489,2
1600.6,417.6,360343521,2
1604.6,412.9,360343532,2
1604.8,404.4,360343550,2
1605.0,406.8,360343566,2
1606.0,404.5,360343578,2
1608.1,398.0,360343596,2
1613.3,394.2,360343609,2
1613.7,407.3,360343624,2
1484.3,486.2,360343640,2
1530.2,457.9,360343668,2
1609.9,421.9,360343685,2
1609.0,425.1,360343702,2
1609.1,420.7,360343714,2
1608.7,424.7,360343731,2
1608.2,420.8,360343745,2
1608.4,414.4,360343758,2
1611.3,411.4,360343774,2
1624.1,410.7,360343792,2
1652.2,435.0,360343821,2
1644.7,424.8,360343835,2
1648.7,427.2,360343848,2
1669.1,395.9,360343864,2
1668.8,393.3,360343881,2
1637.1,467.8,360343892,2
1644.5,465.6,360343911,2
1615.9,526.1,360343927,2
1623.8,515.5,360343939,2
1626.7,512.7,360343971,2
1611.9,544.5,360343981,2
1654.5,481.5,360344002,2
1646.6,499.8,360344016,2
1653.0,483.8,360344027,2
1655.4,479.9,360344046,2
1623.9,543.1,360344061,2
1628.3,533.9,360344072,2
1597.4,567.0,360344089,2
1615.9,529.6,360344119,2
1592.1,567.1,360344135,2
1588.9,560.9,360344150,2
1595.7,542.2,360344162,2
1632.0,487.2,360344182,2
1625.4,496.6,360344195,2
1598.1,523.8,360344207,2
1565.5,554.9,360344225,2
1560.9,550.6,360344241,2
1553.7,536.8,360344272,2
1553.8,537.0,360344286,2
1554.5,538.3,360344298,2
1548.5,522.9,360344315,2
1596.3,488.4,360344331,2
1595.8,496.2,360344343,2
1586.2,506.8,360344361,2
1615.2,460.0,360344376,2
1609.2,461.7,360344387,2
1574.6,483.9,360344422,2
1518.8,530.2,360344433,2
1576.3,493.1,360344451,2
1536.7,524.6,360344465,2
1533.6,530.6,360344478,2
1551.6,513.6,360344495,2
1553.7,512.1,360344510,2
1534.9,532.8,360344522,2
1531.8,519.8,360344541,2
1540.1,509.5,360344568,2
1588.2,452.6,360344585,2
1595.6,445.3,360344600,2
1620.5,415.1,360344629,2
1617.6,411.6,360344647,2
1574.4,439.2,360344657,2
1448.6,534.5,360344677,2
1391.4,585.9,360344690,2
1544.1,456.6,360344722,2
1529.7,470.7,360344736,2
1427.3,601.5,360344748,2
1474.2,550.7,360344765,2
1611.7,661.7,360345079,2
1707.1,723.1,360345095,2
1707.1,723.1,360345124,2
1675.7,752.6,360345139,2
1720.2,587.8,360345185,2
1697.9,565.1,360345216,2
1725.5,526.3,360345229,2
1709.8,485.6,360345243,2
1697.1,522.3,360345260,2
1710.3,558.1,360345276,2
1739.5,591.5,360345290,2
1742.2,613.9,360345322,2
1744.7,587.0,360345333,2
1768.1,596.5,360345351,2
1786.0,551.6,360345366,2
1786.8,542.6,360345380,2
1771.0,571.0,360345396,2
1772.2,528.4,360345410,2
1768.9,526.9,360345423,2
1766.1,530.1,360345439,2
1758.6,502.8,360345500,2
1723.7,690.1,360345547,2
1703.2,687.2,360345590,2
1706.2,536.0,360345620,2
1712.9,480.2,360345635,2
1724.0,456.1,360345664,2
1714.8,513.7,360345680,2
1688.3,502.4,360345692,2
1674.2,486.2,360345709,2
1670.6,490.4,360345727,2
1664.8,499.1,360345739,2
1643.3,528.3,360345771,2
1647.9,536.6,360345784,2
1683.7,514.8,360345800,2
1707.9,483.6,360345816,2
1678.2,516.9,360345828,2
1681.2,511.4,360345860,2
1641.8,561.6,360345872,2
1582.1,631.7,360345890,2
1591.5,602.4,360345918,2
1635.0,524.5,360345936,2
1613.5,554.2,360345952,2
1597.0,584.4,360345964,2
1584.5,610.7,360345994,2
1621.2,613.7,360346007,2
1619.6,617.1,360346040,2
1635.5,613.2,360346084,2
1635.5,613.2,360346097,2
1633.2,705.8,360346115,2
1637.6,701.9,360346129,2
1649.9,695.5,360346175,2
1646.9,690.6,360346187,2
1639.8,696.0,360346220,2
1638.7,713.2,360346232,2
1630.4,727.9,360346250,2
1578.8,714.1,360346264,2
1514.7,704.6,360346277,2
1477.2,731.7,360346294,2
1491.3,702.7,360346310,2
1538.0,632.4,360346322,2
1538.3,559.3,360346340,2
1534.3,556.1,360346368,2
1506.6,580.6,360346387,2
1501.8,584.7,360346400,2
1473.0,622.2,360346414,2
1490.9,595.0,360346430,2
1463.3,646.4,360346445,2
1466.2,647.6,360346457,2
1478.1,639.5,360346475,2
1448.6,688.2,360346490,2
1517.9,599.7,360346521,2
1543.8,574.6,360346535,2
1525.9,585.0,360346547,2
1518.8,589.3,360346566,2
1494.1,597.9,360346583,2
1489.6,620.7,360346592,2
1558.0,635.9,360346626,2
1596.5,450.2,360346970,2
1545.0,655.1,360346985,2
1558.8,572.8,360346997,2
1572.7,576.7,360347016,2
1599.8,568.4,360347032,2
1610.4,564.8,360347043,2
1621.5,555.1,360347059,2
1616.9,468.8,360347074,2
1648.2,467.1,360347087,2
1779.1,528.3,360347120,2
1798.5,540.4,360347164,2
1803.7,533.4,360347194,2
1816.2,505.2,360347209,2
1814.2,509.2,360347223,2
1868.6,162.7,360347239,2
1841.3,360.3,360347269,2
1828.6,361.5,360347284,2
1825.9,374.7,360347302,2
1803.8,346.0,360347314,2
1790.6,330.4,360347329,2
1776.8,295.1,360347346,2
1764.9,288.2,360347358,2
1759.1,336.1,360347374,2
1762.4,365.9,360347392,2
1709.1,433.8,360347421,2
1695.7,453.7,360347435,2
1647.7,428.8,360347448,2
1658.0,441.4,360347464,2
1651.5,435.9,360347479,2
1653.4,430.7,360347493,2
1640.1,432.5,360347510,2
1632.3,437.2,360347527,2
1629.4,437.7,360347538,2
1631.7,431.5,360347571,2
1650.5,441.5,360347583,2
1650.1,443.1,360347600,2
1665.8,440.4,360347627,2
1681.2,474.5,360347662,2
1685.8,481.7,360347672,2
1686.9,469.9,360347689,2
1696.4,469.1,360347721,2
1657.2,455.8,360347735,2
1660.5,464.5,360347752,2
1667.3,477.1,360347763,2
1643.2,465.9,360347780,2
1618.4,451.3,360347794,2
1615.5,473.0,360347808,2
1603.4,470.3,360347825,2
1585.9,473.6,360347841,2
1622.7,454.2,360347870,2
1631.8,443.2,360347886,2
1647.8,417.1,360347897,2
1641.3,422.5,360347915,2
1646.3,418.2,360347931,2
1603.8,439.5,360347945,2
1536.0,530.0,360347960,2
1557.5,505.6,360347976,2
1561.0,480.1,360347987,2
1562.6,477.4,360348021,2
1576.0,478.4,360348032,2
1560.9,459.7,360348049,2
1526.0,463.1,360348077,2
1521.0,462.6,360348095,2
1527.3,464.3,360348122,2
1545.0,488.9,360348140,2
1535.8,487.9,360348172,2
1436.1,468.9,360348184,2
1470.6,486.6,360348202,2
1508.2,512.5,360348213,2
1641.7,516.7,360348229,2
1660.8,523.4,360348245,2
1663.4,515.8,360348257,2
1654.0,510.0,360348290,2
1745.6,552.9,360348322,2
1745.5,546.5,360348334,2
1693.0,572.9,360348350,2
1647.1,612.8,360348364,2
1658.3,565.6,360348379,2
1650.1,586.7,360348392,2
1685.8,518.4,360348410,2
1667.5,553.7,360348425,2
1665.2,561.6,360348437,2
1684.0,536.4,360348473,2
1695.1,517.1,360348482,2
1655.8,592.8,360348500,2
1662.7,580.2,360348517,2
1702.9,572.0,360348528,2
1723.0,498.5,360348544,2
1722.6,501.8,360348560,2
1720.8,509.5,360348572,2
1731.9,499.2,360348589,2
1742.8,514.8,360348618,2
1743.4,509.0,360348634,2
1738.6,515.1,360348650,2
1732.5,528.4,360348663,2
1727.1,538.5,360348680,2
1725.1,533.8,360348695,2
1723.1,534.9,360348707,2
1721.0,536.2,360348727,2
1721.2,546.2,360348740,2
1721.0,551.8,360348770,2
1699.3,488.2,360348787,2
1702.3,486.0,360348798,2
1711.7,503.5,360348815,2
1703.6,501.3,360348830,2
1694.5,499.3,360348843,2
1658.5,537.4,360348861,2
1662.8,535.5,360348877,2
1669.8,525.1,360348888,2
1653.5,553.4,360348921,2
1658.0,535.9,360348933,2
1654.1,504.1,360348950,2
1681.0,487.5,360348965,2
1684.7,484.2,360348977,2
1687.4,480.5,360348997,2
1681.7,481.5,360349011,2
1678.9,488.2,360349022,2
1662.1,506.1,360349039,2
1598.3,496.1,360349068,2
1317.6,595.6,360349247,2
1315.9,592.1,360349280,2
1315.9,592.1,360349293,2
1317.4,586.4,360349308,2
1312.6,585.1,360349327,2
1314.8,585.2,360349337,2
1427.6,509.2,360349370,2
1510.3,894.8,360349731,2
1551.6,835.7,360349742,2
1609.1,814.8,360349759,2
1590.7,820.4,360349774,2
1613.7,813.7,360349821,2
1635.4,755.2,360349849,2
1665.6,681.0,360349865,2
1658.6,624.9,360349878,2
1641.3,605.1,360349894,2
1653.7,639.8,360349909,2
1651.6,618.0,360349922,2
1659.8,626.2,360349940,2
1672.4,594.8,360349967,2
1683.2,569.5,360349984,2
1681.5,586.9,360350001,2
1681.9,605.3,360350030,2
1645.3,730.3,360350045,2
1659.1,680.3,360350056,2
1645.3,726.9,360350077,2
1648.1,677.4,360350091,2
1646.3,699.6,360350134,2
1522.0,835.4,360350224,2
1482.7,867.9,360350272,2
1482.7,867.9,360350282,2
1505.3,778.5,360350315,2
1637.4,654.0,360350344,2
1641.4,650.7,360350359,2
1678.5,700.5,360350451,2
1468.6,891.2,360350495,2
1464.1,889.0,360350540,2
1462.1,888.0,360350570,2
1536.5,708.3,360350585,2
1582.4,525.2,360350597,2
1573.9,537.2,360350630,2
1494.9,531.3,360350642,2
1555.1,420.6,360350659,2
1512.8,429.3,360350675,2
1527.9,434.2,360350687,2
1511.1,447.7,360350722,2
1478.0,491.2,360350733,2
1453.8,523.3,360350750,2
1452.8,527.0,360350766,2
1466.6,554.9,360350778,2
1484.9,559.8,360350796,2
1477.2,556.9,360350811,2
1472.7,569.0,360350823,2
1482.2,577.2,360350839,2
1485.8,582.3,360350868,2
1366.7,598.2,360351243,2
1370.9,648.6,360351259,2
1416.4,645.4,360351272,2
1425.7,676.0,360351289,2
1415.9,680.5,360351318,2
1443.0,760.8,360351349,2
1443.9,782.5,360351362,2
1466.7,732.1,360351395,2
1541.3,689.1,360351439,2
1592.8,602.4,360351483,2
1588.0,594.3,360351497,2
1477.6,579.7,360351514,2
1526.2,526.8,360351541,2
1546.6,496.4,360351560,2
1470.1,519.1,360351575,2
1416.6,536.3,360351587,2
1374.6,546.7,360351621,2
1453.3,511.9,360351634,2
1476.5,499.4,360351649,2
1446.9,511.8,360351665,2
1492.9,510.5,360351679,2
1553.0,479.9,360351695,2
1538.8,496.5,360351711,2
1553.7,484.3,360351723,2
1570.4,481.5,360351739,2
1576.0,480.3,360351767,2
1574.4,483.6,360351786,2
1566.1,502.9,360351801,2
1567.5,503.4,360351812,2
1569.7,487.2,360351830,2
1509.9,598.9,360351845,2
1509.1,598.5,360351856,2
1503.3,597.6,360351874,2
1501.6,584.6,360351889,2
1559.7,549.4,360351923,2
1544.7,575.6,360351935,2
1612.5,479.9,360351965,2
1557.5,540.3,360351983,2
1367.4,750.5,360352009,2
1383.8,734.8,360352026,2
1384.5,718.8,360352038,2
1348.7,739.6,360352071,2
1380.3,715.2,360352083,2
1421.0,634.6,360352101,2
1439.9,600.8,360352116,2
1477.0,569.7,360352129,2
1502.0,549.0,360352147,2
1520.2,521.7,360352161,2
1507.3,533.6,360352172,2
1520.5,524.9,360352191,2
1570.4,462.5,360352221,2
1574.4,456.2,360352234,2
1488.8,545.4,360352279,2
1520.8,473.0,360352307,2
1469.0,580.2,360352338,2
1427.9,704.1,360352384,2
1508.3,698.0,360352429,2
1497.5,676.3,360352488,2
1603.2,522.4,360352522,2
1626.4,495.3,360352533,2
1608.8,499.9,360352549,2
1582.0,464.3,360352565,2
1537.9,448.8,360352577,2
1518.7,434.3,360352595,2
1521.8,437.7,360352611,2
1496.8,455.8,360352623,2
1474.8,458.6,360352640,2
1391.3,531.7,360352668,2
1327.1,632.0,360352684,2
1452.7,572.8,360352730,2
1459.3,570.2,360352758,2
1504.5,526.7,360352791,2
1526.6,497.2,360352820,2
1501.4,519.0,360352834,2
1506.8,521.8,360352848,2
1462.7,532.4,360352865,2
1441.5,537.6,360352891,2
1506.4,468.2,360352910,2
1502.5,474.3,360352925,2
1449.8,514.3,360352938,2
1387.3,566.2,360352970,2
1449.6,511.7,360352982,2
1425.7,529.6,360353001,2
1408.3,559.2,360353015,2
1386.8,584.6,360353028,2
1471.3,545.4,360353045,2
1463.3,558.8,360353059,2
1473.0,547.5,360353073,2
1480.1,542.1,360353089,2
1371.7,660.7,360353118,2
1085.0,954.5,360353225,2
1082.7,1266.4,360353510,2
1355.5,972.2,360353644,2
1455.2,861.4,360353657,2
1515.7,829.9,360353675,2
1554.7,807.2,360353689,2
1570.7,685.8,360353720,2
1578.6,636.2,360353737,2
1575.6,635.5,360353747,2
1581.5,614.2,360353764,2
1580.4,598.4,360353780,2
1577.8,575.6,360353793,2
1572.4,514.9,360353810,2
1584.5,556.4,360353824,2
1588.3,572.4,360353837,2
1590.3,539.8,360353871,2
1644.7,492.8,360353883,2
1621.8,468.5,360353899,2
1657.9,455.7,360353915,2
1641.3,423.7,360353927,2
1639.2,424.3,360353945,2
1642.3,424.7,360353960,2
1641.8,425.1,360353973,2
1614.2,444.1,360353989,2
1591.9,456.5,360354018,2
1584.4,463.4,360354049,2
1535.8,521.5,360354062,2
1489.8,635.0,360354095,2
1511.5,646.0,360354107,2
1510.9,699.7,360354140,2
1513.7,558.0,360354170,2
1519.0,560.4,360354185,2
1510.8,555.4,360354196,2
1460.8,507.1,360354214,2
1453.8,493.9,360354230,2
1457.3,485.1,360354243,2
1473.7,443.9,360354260,2
1475.3,441.3,360354274,2
1484.4,444.5,360354287,2
1473.3,424.8,360354321,2
1483.0,427.8,360354332,2
1519.7,440.2,360354351,2
1504.6,435.9,360354364,2
1530.2,451.9,360354378,2
1514.9,451.2,360354396,2
1500.2,449.2,360354410,2
1554.5,437.1,360354425,2
1523.1,448.1,360354440,2
1517.0,457.5,360354486,2
1498.5,474.2,360354500,2
1528.7,453.9,360354512,2
1426.2,465.4,360354531,2
1418.7,464.5,360354545,2
1449.1,469.7,360354560,2
1444.4,482.6,360354575,2
1437.8,484.2,360354589,2
1420.7,493.0,360354620,2
1424.1,505.8,360354635,2
1449.1,531.3,360354647,2
1427.1,515.4,360354664,2
1451.0,536.5,360354680,2
1450.9,547.0,360354692,2
1457.1,543.7,360354710,2
1460.6,533.1,360354726,2
1461.3,530.9,360354738,2
1386.4,588.0,360354772,2
1402.8,572.6,360354783,2
1402.3,567.9,360354799,2
1430.1,531.2,360354827,2
1435.8,525.4,360354844,2
1429.8,414.3,360354859,2
1434.2,423.8,360354872,2
1467.1,471.4,360354890,2
1495.1,484.3,360354935,2
1469.9,543.4,360354949,2
1441.5,541.3,360354961,2
1428.8,577.7,360354979,2
1425.3,582.4,360355006,2
1425.8,570.2,360355025,2
1417.7,613.3,360355071,2
1477.1,553.9,360355085,2
1442.1,490.4,360355097,2
1437.3,498.8,360355114,2
1556.8,474.8,360355131,2
1519.5,497.6,360355143,2
1534.7,491.2,360355162,2
1532.1,447.6,360355176,2
1528.3,447.6,360355189,2
1512.5,434.7,360355221,2
1488.1,469.9,360355232,2
1511.5,461.2,360355249,2
1514.4,468.1,360355266,2
1524.5,475.2,360355277,2
1537.6,491.7,360355294,2
1547.8,484.3,360355310,2
1516.0,495.7,360355323,2
1516.8,487.5,360355341,2
1448.5,551.2,360355385,2
1271.5,614.6,360355429,2
1220.3,601.9,360355459,2
1230.9,569.2,360355474,2
1313.5,512.6,360355520,2
1463.8,433.5,360355534,2
1467.9,453.0,360355548,2
1463.3,468.9,360355564,2
1475.6,461.6,360355580,2
1448.8,495.6,360355609,2
1410.2,528.6,360355625,2
1409.2,533.5,360355637,2
1382.8,741.3,360356014,2
1320.9,747.9,360356029,2
1273.8,753.3,360356042,2
1300.9,750.2,360356059,2
1252.9,771.9,360356076,2
1361.2,653.1,360356284,2
1372.9,592.0,360356328,2
1359.9,617.3,360356375,2
1412.5,588.8,360356422,2
1250.0,415.1,360356492,2
1324.2,410.8,360356509,2
1650.6,562.2,360356536,2
1638.6,509.6,360356575,2
1561.9,451.3,360356583,2
1590.8,437.8,360356603,2
1604.7,446.3,360356619,2
1604.5,443.9,360356628,2
1566.0,489.5,360356651,2
1569.4,476.3,360356662,2
1565.8,475.9,360356673,2
1527.1,488.2,360356689,2
1440.7,476.7,360356718,2
1334.0,455.7,360356736,2
1360.9,461.2,360356751,2
1364.9,455.0,360356761,2
1392.0,463.8,360356780,2
1466.9,430.8,360356795,2
1453.6,430.3,360356807,2
1467.2,425.9,360356824,2
1476.7,433.3,360356841,2
1504.0,403.1,360356871,2
1477.4,426.9,360356885,2
1481.2,425.9,360356897,2
1487.6,421.6,360356914,2
1448.4,446.8,360356929,2
1408.5,473.9,360356941,2
1391.7,528.6,360356961,2
1430.3,553.5,360356975,2
1437.4,561.9,360356987,2
1433.3,562.9,360357020,2
1440.1,571.5,360357032,2
1453.1,567.3,360357049,2
1491.3,456.5,360357064,2
1437.4,509.8,360357078,2
1430.5,522.9,360357094,2
1391.7,572.9,360357110,2
1294.4,690.9,360357122,2
1204.3,-202.8,360357245,2
1681.5,557.8,360357513,2
1637.3,484.3,360357544,2
1523.3,582.5,360357559,2
1472.1,571.8,360357572,2
1490.1,658.9,360357590,2
1511.7,631.7,360357617,2
1517.1,611.5,360357635,2
1489.9,629.8,360357650,2
1472.6,617.7,360357661,2
1408.2,662.7,360357679,2
1427.1,675.3,360357696,2
1538.4,492.0,360357707,2
1466.3,591.4,360357725,2
1469.0,587.7,360357740,2
1564.2,463.5,360357770,2
1536.7,497.5,360357786,2
1510.9,520.5,360357796,2
1558.4,459.4,360357814,2
1450.4,599.4,360357829,2
1419.0,645.4,360357841,2
1437.9,623.2,360357859,2
1383.3,685.9,360357874,2
1402.6,655.5,360357886,2
1392.1,662.6,360357920,2
1431.2,616.5,360357933,2
1426.7,644.5,360357949,2
1425.8,668.2,360357967,2
1415.1,665.9,360357976,2
1422.7,651.6,360357996,2
1444.9,643.6,360358009,2
1466.5,629.6,360358021,2
1467.7,625.8,360358039,2
1477.8,614.6,360358068,2
1492.5,595.6,360358084,2
1504.9,580.9,360358100,2
1505.3,563.0,360358112,2
1510.1,546.9,360358129,2
1516.0,531.9,360358144,2
1444.1,568.2,360358157,2
1507.4,494.1,360358174,2
1532.3,463.3,360358190,2
1527.0,481.3,360358221,2
1501.1,514.4,360358236,2
1499.6,532.0,360358246,2
1502.6,545.6,360358265,2
1511.7,534.1,360358279,2
1478.0,590.0,360358291,2
1472.9,592.9,360358309,2
1532.5,506.0,360358324,2
1532.1,506.9,360358339,2
1598.4,413.6,360358370,2
1568.0,450.6,360358381,2
1527.2,532.4,360358399,2
1532.1,506.0,360358415,2
1540.8,482.6,360358428,2
1541.8,480.6,360358443,2
1544.0,470.9,360358459,2
1533.4,477.9,360358472,2
1544.2,446.4,360358489,2
1423.8,663.0,360358516,2
1512.4,528.0,360358535,2
1531.2,486.5,360358550,2
1515.6,500.0,360358560,2
1534.7,451.5,360358579,2
1567.6,385.6,360358594,2
1560.8,394.8,360358607,2
1558.9,395.5,360358624,2
1565.6,397.1,360358641,2
1546.3,414.8,360358672,2
1546.5,416.6,360358685,2
1515.9,395.7,360358698,2
1524.8,401.3,360358715,2
1530.2,407.4,360358729,2
1531.5,402.1,360358741,2
1535.7,396.4,360358759,2
1541.0,393.0,360358774,2
1547.9,391.5,360358786,2
1560.7,391.0,360358820,2
1560.2,392.6,360358830,2
1544.1,400.8,360358849,2
1540.1,402.8,360358865,2
1546.9,404.0,360358877,2
1543.0,391.6,360358893,2
1538.4,386.0,360358910,2
1536.3,387.3,360358922,2
1535.1,396.4,360358940,2
1532.7,405.7,360358967,2
1525.3,405.0,360358984,2
1526.0,413.3,360359000,2
1525.8,409.0,360359030,2
1526.9,415.0,360359045,2
1345.3,589.0,360359056,2
1387.8,540.4,360359078,2
1424.1,492.1,360359092,2
1495.9,435.9,360359123,2
1450.5,467.2,360359136,2
1654.8,934.5,360359571,2
1621.3,340.7,360359585,2
1612.1,520.2,360359615,2
1574.2,455.3,360359641,2
1049.6,863.9,360359674,2
1263.8,602.3,360359719,2
1489.0,370.5,360359730,2
1586.1,320.3,360359751,2
1569.3,357.1,360359765,2
1589.2,351.4,360359778,2
1580.3,323.7,360359795,2
1581.5,317.8,360359809,2
1589.3,308.4,360359822,2
1588.4,320.0,360359840,2
1598.5,309.4,360359867,2
1605.8,322.1,360359884,2
1565.2,383.3,360359901,2
1535.9,428.0,360359911,2
1570.0,362.3,360359929,2
1479.2,488.0,360359946,2
1446.0,535.3,360359957,2
1462.8,513.9,360359974,2
1518.3,453.6,360359990,2
821.4,1005.5,360360171,2
1504.3,360.4,360360199,2
1320.6,552.2,360360214,2
1287.5,580.8,360360226,2
1129.3,837.1,360360243,2
1228.7,689.3,360360258,2
1186.7,764.5,360360274,2
1248.7,708.5,360360289,2
1239.3,705.4,360360318,2
1355.6,535.5,360360334,2
1381.7,469.8,360360350,2
1314.6,581.0,360360360,2
1379.8,453.8,360360379,2
1330.3,549.5,360360394,2
1356.3,546.3,360360406,2
1343.7,599.0,360360425,2
1351.1,592.5,360360439,2
1381.9,486.4,360360471,2
1335.9,572.7,360360486,2
1372.0,478.6,360360495,2
1329.6,538.2,360360514,2
1306.2,574.7,360360530,2
1319.8,558.8,360360542,2
1319.3,520.2,360360558,2
1332.8,507.7,360360575,2
1354.8,514.0,360360586,2
1386.9,467.0,360360621,2
1421.4,421.7,360360633,2
1412.8,420.7,360360650,2
1415.2,422.4,360360664,2
1411.0,424.8,360360677,2
1392.4,437.0,360360694,2
1419.1,449.9,360360709,2
1385.7,444.3,360360722,2
1405.8,448.6,360360740,2
1336.2,413.0,360360770,2
1375.4,420.4,360360785,2
1370.0,412.4,360360799,2
1343.7,418.8,360360811,2
1343.8,394.7,360360831,2
1336.6,405.7,360360843,2
1333.6,415.6,360360857,2
1330.5,392.9,360360875,2
1308.6,399.8,360360889,2
1307.3,395.0,360360921,2
1300.1,401.4,360360934,2
1305.0,394.4,360360947,2
1343.9,258.8,360360964,2
1351.7,262.0,360360979,2
1371.2,252.7,360360992,2
1377.1,229.7,360361010,2
1381.3,209.2,360361025,2
1389.9,184.3,360361039,2
1389.9,180.3,360361071,2
1392.0,191.5,360361084,2
1386.4,202.4,360361100,2
1360.6,183.5,360361114,2
1421.2,261.8,360361128,2
1424.4,266.9,360361145,2
1439.0,390.9,360361160,2
1438.9,408.7,360361174,2
1433.7,288.7,360361189,2
1130.1,403.5,360361729,2
1130.1,403.5,360361758,2
1130.1,403.5,360361774,2
1130.1,403.5,360361820,2
1130.1,403.5,360361848,2
1096.1,680.0,360362223,2
1096.1,680.0,360362240,2
1753.3,195.4,360362298,2
1856.8, 87.8,360362329,2
1925.4, 33.6,360362343,2
1909.3, 34.9,360362373,2
1874.3, 42.8,360362388,2
1814.6, 85.3,360362422,2
1785.2,125.0,360362432,2
1606.8,125.7,360362464,2
1597.7,154.0,360362477,2
1534.5,240.6,360362509,2
1493.9,293.1,360362522,2
1480.9,331.6,360362568,2
1402.3,420.7,360362603,2
1348.6,490.7,360362611,2
1333.7,520.6,360362630,2
1334.5,529.9,360362645,2
1336.4,535.9,360362656,2
1339.0,535.8,360362673,2
1346.6,540.2,360362690,2
1425.3,470.1,360362724,2
1421.4,476.7,360362738,2
1450.0,446.0,360362747,2
1457.9,430.0,360362767,2
1444.3,410.0,360362781,2
1432.5,451.7,360362792,2
1431.6,450.8,360362810,2
1434.2,457.2,360362824,2
1435.7,444.6,360362836,2
1443.5,442.0,360362872,2
1444.3,420.5,360362884,2
1448.5,405.4,360362899,2
1446.8,395.2,360362914,2
1452.2,391.7,360362928,2
1460.8,404.7,360362944,2
1470.4,415.3,360362959,2
1474.6,428.0,360362971,2
1498.6,431.4,360362990,2
1437.5,422.4,360363018,2
1428.7,397.5,360363034,2
1422.9,393.8,360363050,2
1430.6,394.1,360363064,2
1425.0,387.7,360363081,2
1441.3,382.6,360363094,2
1444.7,382.7,360363106,2
1471.1,387.0,360363125,2
1480.2,389.8,360363140,2
1463.2,387.8,360363171,2
1457.1,388.2,360363184,2
1453.9,402.2,360363198,2
1456.7,399.1,360363215,2
1449.0,397.2,360363230,2
1449.0,395.5,360363241,2
1446.6,393.5,360363260,2
1442.9,385.7,360363274,2
1441.3,381.7,360363287,2
1426.9,352.8,360363323,2
1430.4,356.4,360363331,2
1439.4,346.8,360363349,2
1466.9,315.1,360363367,2
1482.7,319.7,360363376,2
1482.2,360.0,360363395,2
1480.6,370.1,360363409,2
1464.9,360.2,360363423,2
1474.7,370.4,360363440,2
1470.4,367.8,360363469,2
1461.5,355.2,360363485,2
1483.4,350.4,360363500,2
1489.3,349.3,360363512,2
1500.6,346.1,360363530,2
1479.5,361.3,360363545,2
1446.5,430.7,360363556,2
1447.4,436.6,360363574,2
1465.7,454.9,360363590,2
1476.3,467.8,360363621,2
1464.2,470.5,360363635,2
1462.2,463.5,360363648,2
1581.7,486.8,360364173,2
1469.5,410.4,360364186,2
1397.2,409.4,360364220,2
1363.6,410.6,360364232,2
1426.4,386.7,360364249,2
1411.9,388.5,360364264,2
1356.1,368.9,360364276,2
1378.3,365.7,360364294,2
1350.7,356.7,360364309,2
1368.3,358.5,360364321,2
1353.1,357.9,360364339,2
1344.4,371.2,360364367,2
1329.5,427.5,360364383,2
1310.6,460.7,360364402,2
1291.9,513.5,360364412,2
1304.5,503.3,360364429,2
1302.6,516.9,360364445,2
1292.6,553.3,360364457,2
1292.5,581.0,360364474,2
1300.3,572.9,360364489,2
1304.6,568.3,360364521,2
1303.8,571.7,360364535,2
1306.2,566.8,360364547,2
1307.7,539.1,360364565,2
1310.6,535.7,360364580,2
1313.2,539.4,360364591,2
1299.6,535.8,360364608,2
1308.5,527.6,360364624,2
1339.8,495.3,360364636,2
1339.7,498.3,360364670,2
1304.0,554.0,360364684,2
1246.0,535.7,360364698,2
1230.0,575.9,360364714,2
1239.4,536.5,360364726,2
1239.6,525.0,360364745,2
1228.9,555.0,360364759,2
1228.2,553.7,360364772,2
1233.1,553.5,360364790,2
1189.1,630.0,360364818,2
1220.3,566.8,360364837,2
1242.7,604.1,360364850,2
1263.7,566.0,360364861,2
1235.6,505.7,360364879,2
1263.1,523.0,360364895,2
1256.4,516.1,360364906,2
1243.6,520.1,360364923,2
1237.2,535.2,360364940,2
1224.1,565.4,360364971,2
1228.2,562.2,360364984,2
1232.2,550.3,360364997,2
1184.8,553.4,360365013,2
1201.3,532.2,360365030,2
1263.5,499.2,360365041,2
1313.8,467.9,360365060,2
1463.1,387.7,360365075,2
1605.0,310.0,360365086,2
1681.5,270.3,360365120,2
1691.8,154.1,360365133,2
1566.8,262.1,360365150,2
1411.5,413.1,360365164,2
1455.0,368.3,360365177,2
1376.7,439.5,360365196,2
1366.2,484.1,360365208,2
1420.1,436.4,360365223,2
1440.8,422.2,360365238,2
1385.3,511.2,360365271,2
1381.4,516.1,360365284,2
1433.5,485.5,360365300,2
1443.6,478.1,360365313,2
1500.6,373.5,360365329,2
1514.6,345.6,360365344,2
1411.8,448.6,360365359,2
1415.2,443.6,360365376,2
1406.8,450.1,360365390,2
1424.6,435.3,360365421,2
1463.4,438.2,360365434,2
1474.8,447.6,360365447,2
1607.6,464.3,360365464,2
1603.2,471.4,360365479,2
1625.2,458.5,360365493,2
1652.9,461.4,360365509,2
1658.5,464.6,360365525,2
1649.7,446.4,360365538,2
1661.0,450.3,360365571,2
1664.2,446.6,360365583,2
1658.2,438.6,360365600,2
1620.5,436.3,360365615,2
1616.2,427.2,360365628,2
1591.0,420.7,360365645,2
1585.6,422.3,360365659,2
1578.7,426.1,360365672,2
1560.3,429.2,360365690,2
1518.7,491.1,360365718,2
1526.4,489.1,360365735,2
1515.6,499.9,360365750,2
1524.9,483.7,360365763,2
1491.8,460.4,360365779,2
1539.8,418.3,360365795,2
1533.1,310.6,360365808,2
1532.2,346.4,360365824,2
1532.5,377.9,360365838,2
1526.0,381.6,360365871,2
1549.0,368.5,360365885,2
1534.7,351.4,360365897,2
1453.5,380.9,360365914,2
1468.0,376.9,360365929,2
1501.0,384.7,360365943,2
1465.9,368.7,360365959,2
1470.4,374.0,360365975,2
1464.1,378.1,360365986,2
1524.6,380.1,360366020,2
1543.6,426.1,360366033,2
1467.4,474.8,360366048,2
1411.6,495.9,360366064,2
1416.1,404.3,360366077,2
1432.3,393.6,360366093,2
1518.1,376.5,360366109,2
1505.2,341.6,360366123,2
1513.0,302.4,360366138,2
1570.6,373.7,360366168,2
1543.2,330.9,360366186,2
1521.0,327.8,360366199,2
1541.0,359.9,360366213,2
1459.4,274.3,360366229,2
1461.0,282.0,360366243,2
1447.9,267.4,360366258,2
1443.1,264.8,360366275,2
1486.2,342.7,360366288,2
1457.6,320.8,360366320,2
1493.0,362.2,360366336,2
1489.7,341.7,360366350,2
1514.8,350.2,360366364,2
1507.6,339.3,360366379,2
1535.9,366.2,360366394,2
1539.3,380.9,360366424,2
1529.0,368.8,360366438,2
1522.2,367.0,360366484,2
1560.5,396.7,360366517,2
1579.8,426.4,360366529,2
1569.1,417.6,360366544,2
1563.8,410.3,360366560,2
1561.3,406.6,360366573,2
1536.1,388.5,360366588,2
1538.6,383.9,360366620,2
1530.3,378.1,360366634,2
1539.1,374.2,360366650,2
1530.3,323.3,360366664,2
1445.3,229.4,360366679,2
1396.2,193.4,360366694,2
1381.4,178.0,360366709,2
1256.1, -7.7,360366723,2
1341.6,118.8,360366739,2
1322.6,102.7,360366770,2
1248.4,-12.2,360366799,2
1393.7,343.3,360367533,2
1483.9,358.4,360367549,2
1452.3,351.3,360367562,2
1453.0,360.2,360367579,2
1459.8,368.1,360367595,2
1462.2,372.1,360367608,2
1464.4,423.1,360367639,2
1480.5,412.3,360367670,2
1484.1,416.0,360367684,2
1491.9,411.3,360367698,2
1493.6,412.4,360367716,2
1491.0,416.6,360367729,2
1491.5,419.3,360367743,2
1510.4,453.7,360367761,2
1506.4,446.7,360367774,2
1503.5,355.0,360367788,2
1480.5,244.1,360367834,2
1433.0,218.0,360367850,2
1468.3,260.5,360367865,2
1461.5,256.1,360367879,2
1455.4,269.0,360367896,2
1470.2,285.8,360367923,2
1473.3,278.4,360367939,2
1437.6,203.0,360367967,2
1447.7,208.2,360367984,2
1436.0,353.1,360367999,2
1435.5,342.7,360368012,2
1429.4,378.9,360368030,2
1440.5,392.2,360368043,2
1448.2,420.7,360368057,2
1453.7,432.6,360368075,2
1454.9,435.1,360368089,2
1458.4,447.5,360368120,2
1454.4,452.1,360368134,2
1452.6,454.6,360368147,2
1449.9,454.8,360368164,2
1441.6,448.2,360368180,2
1435.0,439.1,360368193,2
1425.7,422.0,360368208,2
1431.8,435.0,360368224,2
1447.4,450.8,360368237,2
1457.0,459.3,360368270,2
1449.9,464.1,360368282,2
1442.1,460.2,360368299,2
1443.4,463.2,360368315,2
1447.4,464.9,360368326,2
1433.7,454.7,360368345,2
1394.8,427.5,360368360,2
1395.4,421.8,360368373,2
1396.6,419.5,360368390,2
1394.8,421.7,360368418,2
1382.8,420.4,360368433,2
1380.7,420.3,360368449,2
1375.9,427.7,360368462,2
1385.9,447.7,360368480,2
1367.4,449.6,360368495,2
1362.2,454.4,360368506,2
1348.5,474.9,360368523,2
1361.8,490.7,360368538,2
1355.1,497.9,360368570,2
1460.4,454.1,360368598,2
1484.6,450.4,360368614,2
1517.6,426.5,360368642,2
1509.8,433.4,360368658,2
1502.2,452.0,360368674,2
1566.0,454.2,360368687,2
1598.9,454.9,360368720,2
1711.8,427.4,360368749,2
1714.6,442.2,360368765,2
1716.8,441.0,360368779,2
1728.7,451.5,360368793,2
1678.9,437.3,360368809,2
1675.1,436.0,360368823,2
1672.3,436.3,360368839,2
1667.6,427.5,360368868,2
1752.6,382.7,360368911,2
1765.6,395.4,360368928,2
1749.3,403.1,360368943,2
1780.8,387.3,360368956,2
1787.6,385.1,360368988,2
1783.5,387.7,360369019,2
1776.5,413.7,360369035,2
1760.0,461.3,360369046,2
1731.9,430.1,360369064,2
1731.6,433.7,360369078,2
1722.4,426.2,360369091,2
1697.3,417.8,360369108,2
1706.0,420.7,360369124,2
1645.9,396.5,360369137,2
1635.5,394.5,360369170,2
1641.5,397.6,360369182,2
1637.2,418.7,360369200,2
1629.7,424.9,360369214,2
1625.4,431.7,360369227,2
1628.4,467.7,360369243,2
1612.4,507.8,360369260,2
1523.2,590.5,360369271,2
1498.2,624.3,360369289,2
1483.9,641.2,360369318,2
1453.7,675.4,360369334,2
1451.7,679.0,360369349,2
1451.4,667.7,360369361,2
1449.5,661.5,360369379,2
1445.2,655.7,360369396,2
1431.7,653.5,360369407,2
1432.7,654.2,360369425,2
1435.2,660.5,360369439,2
1432.4,660.6,360369469,2
1471.1,590.1,360369483,2
1497.3,544.8,360369497,2
1550.0,422.0,360369514,2
1571.5,400.0,360369528,2
1540.4,442.2,360369542,2
1507.3,451.3,360369560,2
1530.0,396.6,360369573,2
1503.6,416.9,360369586,2
1488.9,429.9,360369649,2
1285.6,501.9,360369676,2
1305.9,506.7,360369695,2
1267.1,551.0,360369722,2
1326.0,597.1,360369739,2
1359.0,623.0,360369767,2
1389.4,648.0,360369786,2
1357.8,629.7,360369811,2
1345.1,622.8,360369830,2
1323.0,613.2,360369855,2
1295.3,597.5,360369874,2
1277.3,592.8,360369919,2
1266.7,637.1,360369946,2
1265.8,631.4,360369963,2
1266.4,517.1,360369994,2
1272.9,508.9,360370035,2
1278.0,540.3,360370082,2
1276.3,543.2,360370098,2
1305.0,474.2,360370594,2
1347.0,531.7,360370608,2
1274.0,553.7,360370623,2
1329.6,537.1,360370639,2
1377.3,534.1,360370667,2
1399.9,537.2,360370698,2
1456.6,483.0,360370713,2
1758.6,522.7,360370789,2
1758.4,325.7,360370820,2
1758.4,325.7,360370833,2
1798.0,323.5,360370847,2
1791.5,347.1,360370864,2
1805.9,370.9,360370880,2
1813.0,374.3,360370924,2
1758.0,401.5,360370974,2
1648.8,414.7,360370999,2
1619.3,445.4,360371016,2
1605.1,461.8,360371027,2
1556.3,441.2,360371047,2
1583.4,392.7,360371060,2
1615.6,392.2,360371089,2
1806.5,240.5,360371119,2
1797.2,290.8,360371133,2
1833.7,272.0,360371148,2
1805.4,326.1,360371181,2
1830.7,359.4,360371195,2
1825.1,372.7,360371207,2
1805.3,308.7,360371224,2
1803.5,304.6,360371238,2
1700.0,326.0,360371269,2
1658.1,345.6,360371283,2
1604.3,357.1,360371297,2
1533.5,405.1,360371314,2
1528.5,407.0,360371332,2
1525.3,407.1,360371343,2
1518.0,429.4,360371359,2
1515.9,435.0,360371374,2
1510.6,436.9,360371386,2
1496.7,444.9,360371419,2
1440.7,457.6,360371432,2
1453.0,459.5,360371450,2
1463.7,467.2,360371464,2
1456.3,461.9,360371477,2
1460.7,460.9,360371494,2
1457.9,459.8,360371510,2
1457.7,460.6,360371522,2
1461.4,460.8,360371540,2
1453.3,460.6,360371567,2
1341.4,580.2,360371585,2
1336.8,585.5,360371611,2
1324.1,598.0,360371629,2
1296.8,579.3,360371658,2
1190.6,472.3,360371673,2
1201.7,482.7,360371720,2
1216.4,492.9,360371734,2
1393.2,507.5,360371746,2
1402.0,510.3,360371763,2
1520.3,426.7,360371779,2
1470.2,462.7,360371790,2
1474.7,456.2,360371809,2
1498.7,441.8,360371823,2
1490.6,449.1,360371836,2
1494.3,440.2,360371869,2
1475.7,461.4,360371882,2
1471.0,464.6,360371901,2
1473.7,432.9,360371914,2
1462.0,445.6,360371926,2
1448.7,466.4,360371945,2
1511.8,437.8,360371960,2
1479.3,467.2,360371972,2
1504.0,442.5,360371988,2
1477.8,471.0,360372016,2
1290.2,507.6,360372061,2
1265.2,539.0,360372079,2
1242.9,536.3,360372106,2
1237.7,520.9,360372123,2
1138.7,437.2,360372169,2
1179.0,472.8,360372184,2
1333.0,434.6,360372196,2
1374.9,425.7,360372214,2
1436.3,412.7,360372230,2
1384.9,504.7,360372241,2
1395.7,507.3,360372260,2
1450.7,465.2,360372274,2
1464.0,470.2,360372286,2
1474.6,467.3,360372320,2
1461.1,479.0,360372331,2
1470.1,468.5,360372350,2
1508.8,444.1,360372365,2
1496.2,460.5,360372375,2
1475.4,470.5,360372396,2
1499.8,443.8,360372410,2
1492.9,445.9,360372421,2
1483.4,451.4,360372439,2
1338.1,562.3,360372467,2
1647.9,375.3,360372814,2
1596.6,344.4,360372826,2
1595.1,335.7,360372844,2
1570.8,309.8,360372859,2
1580.6,321.2,360372871,2
1583.4,361.2,360372888,2
1576.0,375.4,360372919,2
1579.8,409.8,360372935,2
1539.7,494.9,360372948,2
1506.5,553.2,360372961,2
1484.4,574.4,360372979,2
1509.7,530.5,360372994,2
1536.0,495.2,360373008,2
1580.4,504.3,360373024,2
1606.7,488.5,360373039,2
1626.7,488.1,360373070,2
1642.8,601.1,360373085,2
1642.6,592.1,360373096,2
1643.2,581.7,360373114,2
1638.7,552.7,360373129,2
1638.2,568.0,360373142,2
1637.6,570.0,360373160,2
1663.0,502.4,360373174,2
1659.9,501.8,360373186,2
1684.2,453.7,360373219,2
1675.4,479.8,360373232,2
1662.0,474.0,360373249,2
1659.2,453.4,360373263,2
1654.5,493.9,360373277,2
1653.2,463.4,360373293,2
1654.4,430.1,360373309,2
1630.0,485.9,360373321,2
1645.1,439.7,360373339,2
1607.9,531.2,360373367,2
1580.5,586.9,360373384,2
1579.1,586.2,360373398,2
1525.8,687.1,360373411,2
1520.2,695.8,360373431,2
1517.0,704.4,360373445,2
1523.3,691.0,360373455,2
1548.7,646.4,360373473,2
1533.4,681.8,360373488,2
1587.1,550.5,360373520,2
1578.3,559.4,360373533,2
1640.3,481.9,360373565,2
1644.2,472.6,360373578,2
1633.2,492.2,360373591,2
1603.8,485.9,360373609,2
1630.3,456.6,360373624,2
1598.6,485.1,360373636,2
1598.0,474.5,360373671,2
1614.7,462.1,360373699,2
1635.0,440.1,360373713,2
1578.6,487.8,360373726,2
1594.0,473.9,360373744,2
1621.7,456.5,360373759,2
1529.9,545.6,360373771,2
1553.8,509.0,360373789,2
1518.1,558.1,360373816,2
1546.8,529.9,360373835,2
1540.2,554.0,360373849,2
1534.0,485.6,360373861,2
1453.3,441.1,360373880,2
1554.0,433.3,360373894,2
1434.4,426.7,360373906,2
1412.4,438.9,360373924,2
1481.5,439.8,360373939,2
1531.3,440.9,360373969,2
1588.4,438.4,360373984,2
1484.7,461.3,360373996,2
1452.0,589.7,360374015,2
1446.8,646.4,360374030,2
1415.4,702.1,360374041,2
1433.1,763.7,360374058,2
1438.6,715.7,360374074,2
1490.7,769.2,360374120,2
1443.8,833.1,360374133,2
1486.4,774.3,360374149,2
1513.6,743.2,360374165,2
1434.7,835.5,360374177,2
1467.3,801.4,360374194,2
1497.7,765.6,360374209,2
1460.9,808.7,360374223,2
1481.8,781.8,360374240,2
1438.1,836.8,360374267,2
1382.0,901.4,360374283,2
1373.8,910.8,360374298,2
1363.4,908.5,360374313,2
1348.5,903.4,360374329,2
1355.1,899.3,360374344,2
1422.4,862.0,360374388,2
1565.9,779.8,360374419,2
1550.2,794.0,360374434,2
1544.2,819.3,360374446,2
1541.8,824.0,360374464,2
1539.3,821.7,360374479,2
1475.3,874.0,360374491,2
1466.1,882.6,360374509,2
1459.7,887.6,360374523,2
1452.4,892.7,360374535,2
1423.7,908.9,360374570,2
1422.8,901.5,360374582,2
1423.0,897.1,360374598,2
1518.1,762.2,360374615,2
1504.2,780.0,360374627,2
1525.4,755.1,360374645,2
1537.5,739.0,360374660,2
1485.3,803.3,360374673,2
