1,2,3,4
395.4,441.0,1224547508,1
417.4,449.1,1224547533,1
445.1,479.6,1224547547,1
459.4,501.1,1224547556,1
475.0,505.5,1224547576,1
483.9,516.2,1224547589,1
468.8,515.0,1224547600,1
471.7,529.4,1224547618,1
471.4,533.9,1224547647,1
459.6,537.2,1224547663,1
423.1,515.2,1224547678,1
425.6,517.2,1224547691,1
448.4,531.8,1224547708,1
415.2,496.9,1224547723,1
437.5,496.2,1224547734,1
438.2,496.1,1224547755,1
420.5,490.3,1224547770,1
433.5,491.0,1224547799,1
423.1,501.7,1224547814,1
420.3,503.0,1224547824,1
420.2,499.6,1224547844,1
420.9,492.5,1224547859,1
417.0,496.3,1224547870,1
411.7,503.1,1224547888,1
413.2,503.5,1224547905,1
415.9,508.4,1224547917,1
418.9,510.1,1224547950,1
425.6,513.9,1224547961,1
430.7,519.3,1224547980,1
431.0,520.0,1224547994,1
425.4,507.7,1224548005,1
421.0,501.1,1224548023,1
418.5,491.5,1224548038,1
416.9,491.4,1224548050,1
426.1,499.5,1224548069,1
429.9,502.9,1224548097,1
429.8,502.3,1224548115,1
421.9,490.1,1224548130,1
422.5,489.1,1224548141,1
423.0,494.3,1224548166,1
428.2,498.3,1224548182,1
425.5,492.5,1224548190,1
422.6,490.8,1224548205,1
421.9,491.8,1224548223,1
418.2,488.9,1224548253,1
414.7,485.7,1224548266,1
412.4,477.0,1224548279,1
416.2,477.2,1224548297,1
420.7,475.6,1224548310,1
424.8,474.0,1224548325,1
427.5,494.1,1224548340,1
425.2,495.4,1224548358,1
422.9,500.8,1224548370,1
422.5,510.4,1224548404,1
428.4,510.5,1224548413,1
429.0,502.5,1224548431,1
433.8,496.9,1224548446,1
436.5,501.1,1224548458,1
433.6,501.3,1224548478,1
430.4,506.9,1224548492,1
424.9,510.3,1224548504,1
422.4,521.3,1224548522,1
420.9,521.4,1224548550,1
421.0,517.7,1224548568,1
422.1,513.4,1224548583,1
421.6,517.7,1224548592,1
432.3,510.8,1224548612,1
433.3,511.2,1224548625,1
430.4,515.5,1224548638,1
426.2,526.0,1224548655,1
426.5,524.8,1224548671,1
422.1,533.6,1224548704,1
424.3,532.5,1224548717,1
430.1,534.3,1224548729,1
438.9,535.7,1224548747,1
439.1,536.0,1224548761,1
434.9,539.6,1224548773,1
428.6,536.2,1224548791,1
428.9,535.5,1224548807,1
423.5,529.6,1224548821,1
418.0,523.7,1224548853,1
417.5,523.9,1224548864,1
415.0,539.0,1224548880,1
415.1,545.1,1224548897,1
415.4,546.8,1224548907,1
415.9,546.7,1224548927,1
417.9,551.4,1224548941,1
415.2,542.6,1224548954,1
437.4,529.7,1224548968,1
444.9,520.9,1224548996,1
455.6,498.7,1224549013,1
453.6,503.1,1224549029,1
440.8,516.3,1224549040,1
443.9,516.4,1224549058,1
444.8,518.0,1224549073,1
447.7,518.5,1224549084,1
438.4,545.0,1224549103,1
445.0,535.5,1224549118,1
442.5,524.0,1224549149,1
442.4,530.4,1224549163,1
439.7,535.3,1224549174,1
442.5,533.6,1224549194,1
441.7,535.9,1224549209,1
444.1,512.1,1224549218,1
445.0,511.0,1224549237,1
434.8,496.5,1224549372,1
434.8,496.5,1224549387,1
451.7,500.6,1224549398,1
473.6,495.6,1224549416,1
482.4,521.3,1224549446,1
485.8,532.2,1224549462,1
483.3,529.3,1224549478,1
470.8,511.2,1224549490,1
448.4,506.2,1224549507,1
444.7,504.1,1224549523,1
446.3,505.2,1224549534,1
449.1,501.9,1224549552,1
452.8,507.0,1224549568,1
482.5,592.0,1224549599,1
473.3,565.1,1224549613,1
462.0,555.5,1224549625,1
461.1,536.9,1224549643,1
454.7,520.0,1224549658,1
439.2,509.2,1224549669,1
441.2,508.6,1224549688,1
445.2,506.7,1224549703,1
441.7,505.6,1224549714,1
435.5,496.1,1224549749,1
438.4,499.8,1224549761,1
438.3,524.4,1224549778,1
436.4,531.8,1224549793,1
439.7,518.2,1224549812,1
432.8,505.3,1224549830,1
434.0,495.2,1224549840,1
439.6,490.5,1224549851,1
442.1,487.0,1224549867,1
444.1,486.4,1224549901,1
451.5,487.2,1224549917,1
454.9,490.6,1224549929,1
458.7,494.6,1224549941,1
456.6,500.8,1224549973,1
452.8,519.1,1224549984,1
441.3,540.4,1224550005,1
440.0,539.5,1224550021,1
442.0,538.5,1224550050,1
443.8,541.9,1224550064,1
445.5,540.3,1224550074,1
447.2,539.7,1224550093,1
449.1,542.3,1224550109,1
449.2,544.4,1224550119,1
466.3,526.4,1224550138,1
463.2,524.6,1224550155,1
462.7,521.3,1224550164,1
446.7,520.2,1224550200,1
443.6,531.6,1224550211,1
437.5,542.3,1224550229,1
442.4,539.3,1224550242,1
462.8,544.3,1224550254,1
451.6,550.0,1224550273,1
439.3,540.7,1224550291,1
436.2,527.6,1224550300,1
438.7,530.2,1224550321,1
401.5,474.1,1224550345,1
411.9,488.9,1224550362,1
416.4,495.3,1224550377,1
428.5,515.0,1224550387,1
431.0,525.4,1224550412,1
436.9,535.7,1224550428,1
432.0,535.7,1224550439,1
432.2,535.4,1224550455,1
430.5,530.8,1224550471,1
431.6,511.8,1224550503,1
434.4,506.0,1224550518,1
438.8,497.4,1224550530,1
450.9,497.8,1224550547,1
459.9,509.0,1224550558,1
454.3,515.3,1224550570,1
474.0,528.4,1224550588,1
483.3,535.3,1224550604,1
465.9,529.5,1224550614,1
435.1,514.5,1224550649,1
444.0,504.1,1224550662,1
459.3,517.4,1224550677,1
456.4,513.5,1224550693,1
450.9,504.6,1224550704,1
480.6,554.7,1224550723,1
481.8,555.3,1224550738,1
473.9,524.2,1224550749,1
475.5,544.2,1224550770,1
457.2,509.2,1224550796,1
458.2,512.0,1224550814,1
456.5,495.4,1224550828,1
446.7,478.2,1224550839,1
450.0,484.6,1224550857,1
456.9,480.1,1224550875,1
465.4,485.9,1224550890,1
466.4,494.5,1224550908,1
465.5,473.7,1224550919,1
463.3,450.5,1224550950,1
462.8,451.1,1224550965,1
438.3,489.9,1224550976,1
430.4,504.6,1224550991,1
425.7,504.7,1224551007,1
422.8,505.0,1224551018,1
420.6,503.8,1224551041,1
418.5,502.2,1224551057,1
418.6,502.5,1224551068,1
429.7,511.2,1224551103,1
431.1,517.7,1224551114,1
435.6,532.7,1224551130,1
459.9,520.4,1224551147,1
466.9,517.9,1224551159,1
479.5,511.0,1224551174,1
478.9,512.6,1224551190,1
464.6,512.7,1224551202,1
467.3,520.4,1224551219,1
449.4,516.9,1224551250,1
442.4,509.6,1224551265,1
435.6,506.7,1224551280,1
435.6,509.5,1224551292,1
435.7,537.0,1224551309,1
435.9,538.0,1224551327,1
440.2,532.6,1224551337,1
440.0,535.7,1224551355,1
440.7,533.8,1224551370,1
439.8,532.2,1224551400,1
448.8,525.1,1224551415,1
447.0,526.6,1224551429,1
452.6,536.0,1224551445,1
456.9,568.8,1224551462,1
456.1,564.5,1224551472,1
462.2,555.4,1224551491,1
464.0,554.9,1224551505,1
463.3,556.0,1224551520,1
463.8,552.7,1224551549,1
463.9,550.4,1224551560,1
465.2,506.0,1224551583,1
462.6,511.7,1224551599,1
456.4,511.4,1224551612,1
454.8,508.6,1224551628,1
457.9,504.7,1224551638,1
464.8,525.6,1224551650,1
464.0,535.0,1224551667,1
459.4,541.3,1224551696,1
457.9,540.4,1224551713,1
456.1,540.7,1224551728,1
453.1,538.2,1224551739,1
439.1,527.8,1224551758,1
439.9,524.0,1224551773,1
443.1,521.3,1224551786,1
453.5,532.1,1224551803,1
455.3,535.5,1224551818,1
459.9,533.6,1224551854,1
459.4,534.2,1224551870,1
459.5,534.2,1224551881,1
457.5,529.5,1224551899,1
457.5,529.8,1224551919,1
457.0,524.8,1224551929,1
459.1,528.9,1224551946,1
462.1,529.7,1224551961,1
468.9,532.6,1224551972,1
472.3,531.7,1224552007,1
469.9,523.0,1224552020,1
470.7,518.2,1224552034,1
470.9,518.3,1224552048,1
468.7,509.0,1224552056,1
468.7,512.2,1224552074,1
469.0,517.3,1224552087,1
471.4,517.8,1224552098,1
472.5,521.7,1224552120,1
469.8,521.5,1224552150,1
463.4,520.2,1224552167,1
464.1,521.1,1224552182,1
463.6,530.2,1224552192,1
461.1,528.2,1224552213,1
463.1,537.7,1224552226,1
462.6,538.6,1224552237,1
457.0,526.9,1224552254,1
455.4,522.9,1224552268,1
443.9,503.4,1224552302,1
429.9,486.8,1224552315,1
423.5,487.5,1224552332,1
412.1,486.4,1224552346,1
409.1,485.8,1224552360,1
407.6,481.5,1224552375,1
406.0,481.6,1224552387,1
403.1,478.6,1224552403,1
401.7,474.9,1224552414,1
389.5,483.0,1224552448,1
386.4,482.3,1224552460,1
387.2,482.9,1224552479,1
396.8,480.9,1224552494,1
401.7,483.5,1224552507,1
406.5,486.2,1224552523,1
408.2,485.6,1224552538,1
409.1,481.1,1224552550,1
412.0,474.4,1224552568,1
417.0,472.8,1224552597,1
442.3,437.7,1224552614,1
456.6,451.5,1224552628,1
461.4,475.5,1224552639,1
462.4,472.2,1224552658,1
464.0,508.0,1224552673,1
461.1,500.3,1224552684,1
464.8,507.8,1224552703,1
460.1,509.8,1224552719,1
472.2,498.4,1224552749,1
487.3,480.3,1224552763,1
487.9,482.6,1224552774,1
474.0,487.8,1224552793,1
477.6,487.8,1224552807,1
482.5,490.6,1224552818,1
479.2,503.4,1224552844,1
478.2,508.8,1224552863,1
477.0,512.0,1224552874,1
479.3,527.9,1224552906,1
479.6,528.5,1224552918,1
479.5,523.9,1224552927,1
479.9,521.7,1224552943,1
481.4,519.6,1224552953,1
485.3,510.4,1224552972,1
484.7,506.1,1224552987,1
487.1,497.3,1224552998,1
488.6,489.6,1224553017,1
488.8,490.7,1224553045,1
489.8,489.3,1224553062,1
489.2,488.6,1224553083,1
481.5,487.8,1224553095,1
477.6,490.2,1224553113,1
477.3,490.5,1224553127,1
476.4,488.7,1224553135,1
476.9,491.0,1224553153,1
478.2,507.7,1224553168,1
476.8,516.4,1224553199,1
473.0,514.1,1224553216,1
472.9,513.7,1224553225,1
470.9,514.6,1224553243,1
469.6,517.6,1224553258,1
469.0,517.6,1224553269,1
465.8,512.6,1224553288,1
465.2,509.0,1224553303,1
463.9,506.8,1224553314,1
461.7,500.9,1224553352,1
461.1,500.6,1224553360,1
493.5,520.4,1224553378,1
495.7,520.7,1224553393,1
492.8,511.6,1224553404,1
489.8,510.8,1224553423,1
489.4,510.7,1224553438,1
490.3,508.1,1224553448,1
485.5,502.7,1224553467,1
492.8,511.0,1224553496,1
496.8,516.4,1224553514,1
492.9,530.8,1224553528,1
489.5,528.4,1224553539,1
489.8,527.1,1224553558,1
490.0,524.9,1224553573,1
491.0,528.3,1224553585,1
491.8,530.0,1224553602,1
489.9,534.3,1224553621,1
488.9,532.9,1224553649,1
489.9,532.5,1224553663,1
490.2,533.9,1224553674,1
482.9,523.1,1224553693,1
477.9,515.1,1224553709,1
479.4,515.2,1224553718,1
481.3,514.9,1224553738,1
482.8,515.4,1224553755,1
481.4,518.7,1224553764,1
483.9,520.8,1224553797,1
502.8,534.0,1224553834,1
535.8,558.8,1224553859,1
486.1,447.7,1224553888,1
490.3,440.1,1224553901,1
479.5,474.2,1224553918,1
485.1,456.7,1224553947,1
485.6,479.8,1224553963,1
486.7,476.2,1224553979,1
488.2,485.2,1224553991,1
481.9,518.4,1224554010,1
484.3,520.2,1224554025,1
487.5,519.9,1224554036,1
489.0,507.7,1224554053,1
489.6,495.0,1224554069,1
504.9,480.9,1224554100,1
504.8,487.2,1224554114,1
500.4,499.5,1224554128,1
490.5,516.1,1224554144,1
484.8,522.3,1224554159,1
478.3,527.9,1224554171,1
475.3,529.6,1224554190,1
474.4,527.5,1224554204,1
469.4,532.6,1224554219,1
471.1,527.5,1224554248,1
488.6,531.5,1224554260,1
533.6,536.7,1224554277,1
529.9,533.5,1224554294,1
499.9,523.7,1224554308,1
463.6,500.0,1224554324,1
484.9,513.4,1224554339,1
481.6,512.4,1224554353,1
466.3,503.9,1224554369,1
471.9,509.4,1224554399,1
474.6,513.5,1224554413,1
479.9,520.4,1224554429,1
481.4,522.6,1224554442,1
478.9,520.5,1224554460,1
477.8,522.5,1224554474,1
476.7,511.4,1224554486,1
477.9,505.1,1224554503,1
476.6,501.0,1224554519,1
472.0,508.3,1224554549,1
470.8,498.4,1224554565,1
475.9,497.5,1224554576,1
478.2,504.5,1224554594,1
486.6,514.7,1224554609,1
479.5,500.7,1224554621,1
478.6,501.8,1224554639,1
477.4,500.2,1224554654,1
477.6,497.6,1224554667,1
479.1,484.8,1224554701,1
482.2,473.2,1224554711,1
489.6,476.6,1224554729,1
491.4,507.7,1224554745,1
488.4,508.5,1224554756,1
485.0,516.4,1224554774,1
483.9,517.3,1224554789,1
478.6,508.8,1224554801,1
481.2,521.6,1224554819,1
477.2,516.4,1224554847,1
480.4,516.4,1224554863,1
488.3,522.5,1224554879,1
489.0,529.4,1224554891,1
489.0,532.4,1224554909,1
491.7,530.7,1224554924,1
513.1,486.1,1224554936,1
509.3,487.4,1224554953,1
508.8,486.9,1224554972,1
505.5,488.1,1224555000,1
489.2,504.9,1224555015,1
482.1,521.9,1224555026,1
482.1,518.1,1224555047,1
479.9,504.1,1224555059,1
480.4,518.2,1224555072,1
478.0,522.6,1224555090,1
478.2,516.5,1224555104,1
476.3,509.1,1224555118,1
475.9,512.0,1224555150,1
485.2,523.6,1224555161,1
487.9,525.8,1224555181,1
488.7,527.0,1224555196,1
485.3,523.7,1224555207,1
486.5,529.6,1224555224,1
485.6,530.2,1224555239,1
485.4,529.2,1224555254,1
485.7,507.6,1224555269,1
484.9,492.9,1224555297,1
483.9,491.2,1224555315,1
486.2,488.5,1224555329,1
494.4,494.9,1224555341,1
494.9,507.0,1224555358,1
511.4,492.9,1224555375,1
521.7,484.8,1224555386,1
519.0,488.2,1224555404,1
510.9,498.3,1224555421,1
498.2,515.1,1224555450,1
491.0,524.3,1224555464,1
497.2,510.9,1224555476,1
490.4,486.0,1224555494,1
493.1,480.7,1224555509,1
493.2,486.3,1224555521,1
493.0,487.8,1224555540,1
492.0,490.1,1224555554,1
492.1,493.2,1224555567,1
488.8,513.5,1224555600,1
484.6,516.1,1224555611,1
483.5,518.8,1224555629,1
487.5,515.7,1224555646,1
487.8,518.9,1224555658,1
488.9,520.4,1224555674,1
489.1,525.1,1224555690,1
489.9,526.6,1224555701,1
490.9,523.1,1224555719,1
488.6,516.0,1224555747,1
491.9,510.9,1224555763,1
487.6,507.1,1224555783,1
490.5,500.0,1224555791,1
488.5,504.1,1224555809,1
494.3,496.1,1224555824,1
498.0,493.7,1224555836,1
496.7,501.9,1224555854,1
490.2,518.4,1224555869,1
487.8,524.4,1224555900,1
493.6,520.1,1224555915,1
491.6,521.5,1224555926,1
502.7,514.3,1224555944,1
507.9,510.2,1224555959,1
510.7,508.5,1224555971,1
498.8,499.8,1224555990,1
496.9,497.9,1224556007,1
489.7,485.8,1224556017,1
482.1,479.6,1224556052,1
483.5,487.5,1224556061,1
500.0,514.0,1224556081,1
500.9,515.3,1224556094,1
505.0,515.6,1224556107,1
510.3,510.3,1224556126,1
514.9,503.5,1224556141,1
517.8,495.4,1224556151,1
521.6,483.7,1224556169,1
519.4,483.8,1224556208,1
521.1,483.0,1224556218,1
520.4,483.3,1224556231,1
505.7,478.1,1224556243,1
508.3,479.9,1224556261,1
510.5,481.0,1224556277,1
506.8,478.5,1224556287,1
506.7,479.0,1224556304,1
511.8,485.7,1224556321,1
513.5,497.6,1224556353,1
511.6,499.3,1224556367,1
485.8,503.9,1224556378,1
476.8,493.4,1224556394,1
474.5,489.8,1224556411,1
482.8,493.4,1224556423,1
484.6,496.1,1224556441,1
486.7,499.1,1224556457,1
487.8,496.6,1224556468,1
491.9,500.1,1224556502,1
493.4,497.2,1224556514,1
486.7,498.8,1224556533,1
478.4,495.4,1224556546,1
480.6,499.3,1224556554,1
476.2,499.8,1224556572,1
479.9,494.4,1224556587,1
489.8,492.7,1224556601,1
493.8,494.2,1224556617,1
498.4,494.9,1224556649,1
500.2,497.1,1224556666,1
497.8,496.6,1224556679,1
485.1,500.3,1224556692,1
469.1,489.6,1224556709,1
467.8,488.6,1224556724,1
469.4,483.9,1224556739,1
472.1,479.0,1224556754,1
469.3,474.0,1224556770,1
469.1,473.3,1224556800,1
491.0,454.8,1224556815,1
485.6,457.1,1224556824,1
493.2,465.2,1224556841,1
489.2,466.1,1224556863,1
490.2,466.4,1224556876,1
490.9,465.5,1224556894,1
486.1,467.1,1224556911,1
489.1,482.2,1224556922,1
489.4,481.0,1224556956,1
491.8,485.3,1224556966,1
497.7,491.8,1224556980,1
505.2,495.4,1224556993,1
498.6,486.4,1224557006,1
499.2,491.9,1224557023,1
505.3,488.5,1224557039,1
525.3,480.5,1224557053,1
529.7,476.1,1224557068,1
529.3,475.8,1224557097,1
530.8,477.4,1224557113,1
532.0,479.1,1224557128,1
526.5,485.8,1224557141,1
512.2,491.8,1224557158,1
508.7,491.3,1224557173,1
500.4,496.5,1224557196,1
492.0,499.8,1224557209,1
494.2,496.2,1224557223,1
502.6,494.9,1224557255,1
492.4,501.9,1224557266,1
480.4,496.3,1224557277,1
455.0,495.2,1224557294,1
448.3,488.2,1224557311,1
451.0,487.5,1224557324,1
448.4,489.9,1224557338,1
443.6,500.1,1224557354,1
440.2,509.7,1224557365,1
450.3,528.2,1224557398,1
451.4,526.0,1224557410,1
458.9,513.4,1224557427,1
463.0,505.4,1224557442,1
457.3,505.0,1224557453,1
450.6,503.3,1224557472,1
458.2,497.1,1224557489,1
459.1,497.6,1224557500,1
454.8,506.2,1224557517,1
470.6,486.4,1224557545,1
465.2,493.8,1224557562,1
465.6,493.9,1224557577,1
462.7,500.6,1224557588,1
454.2,520.0,1224557608,1
461.7,508.4,1224557622,1
454.6,504.9,1224557635,1
452.6,514.2,1224557652,1
453.4,509.2,1224557668,1
456.6,500.7,1224557705,1
458.1,496.7,1224557721,1
480.4,486.1,1224557733,1
473.8,496.5,1224557750,1
469.7,501.0,1224557767,1
472.3,497.2,1224557776,1
472.4,500.0,1224557789,1
468.6,506.6,1224557804,1
470.0,501.9,1224557817,1
473.1,491.6,1224557850,1
472.9,493.3,1224557860,1
473.4,504.5,1224557881,1
472.3,510.7,1224557896,1
462.0,498.8,1224557906,1
460.7,504.1,1224557923,1
459.3,511.8,1224557939,1
461.9,504.5,1224557952,1
475.9,504.8,1224557968,1
458.7,495.5,1224557997,1
427.9,477.8,1224558015,1
434.6,482.6,1224558028,1
445.7,492.1,1224558041,1
445.9,498.3,1224558058,1
453.8,505.6,1224558073,1
456.2,507.3,1224558087,1
458.9,502.5,1224558115,1
459.2,497.9,1224558120,1
461.9,495.4,1224558149,1
464.8,495.8,1224558164,1
477.3,492.6,1224558174,1
493.8,491.2,1224558193,1
495.5,490.9,1224558209,1
500.7,494.4,1224558219,1
500.3,499.5,1224558238,1
503.5,501.7,1224558253,1
504.9,502.9,1224558264,1
494.0,504.4,1224558299,1
492.0,502.9,1224558309,1
466.4,503.7,1224558328,1
458.8,491.1,1224558343,1
465.4,501.0,1224558354,1
475.6,507.6,1224558373,1
482.1,509.3,1224558390,1
483.4,512.3,1224558404,1
485.2,512.7,1224558422,1
479.2,508.7,1224558446,1
478.1,508.1,1224558463,1
475.2,507.1,1224558479,1
470.9,506.9,1224558490,1
468.8,508.2,1224558508,1
467.2,510.6,1224558523,1
471.9,513.1,1224558538,1
478.6,519.4,1224558556,1
479.5,524.8,1224558567,1
480.9,525.1,1224558597,1
483.8,520.8,1224558614,1
482.7,521.9,1224558622,1
487.4,520.8,1224558641,1
487.9,516.8,1224558660,1
491.6,515.4,1224558672,1
495.8,512.6,1224558691,1
502.7,514.8,1224558708,1
504.8,514.3,1224558718,1
505.5,511.2,1224558752,1
538.6,564.5,1224558762,1
537.5,558.1,1224558778,1
503.9,466.6,1224558795,1
497.5,447.0,1224558807,1
493.2,433.5,1224558826,1
490.4,472.4,1224558838,1
489.8,494.0,1224558850,1
485.7,507.7,1224558872,1
486.8,503.8,1224558901,1
482.8,503.4,1224558917,1
482.1,504.6,1224558928,1
482.0,506.0,1224558939,1
485.2,515.8,1224558960,1
485.8,519.2,1224558973,1
485.7,515.5,1224558984,1
494.3,506.1,1224559004,1
500.7,498.6,1224559018,1
506.3,491.8,1224559048,1
509.2,492.7,1224559065,1
509.6,491.7,1224559078,1
509.5,490.6,1224559097,1
509.5,489.4,1224559113,1
510.7,474.9,1224559125,1
511.4,473.6,1224559142,1
512.0,474.4,1224559158,1
509.7,470.7,1224559173,1
504.8,477.8,1224559200,1
499.1,486.5,1224559209,1
495.4,488.5,1224559227,1
503.9,461.5,1224559242,1
502.8,464.6,1224559258,1
497.4,474.5,1224559276,1
494.0,477.2,1224559290,1
491.0,480.2,1224559303,1
492.1,471.5,1224559320,1
480.4,491.9,1224559346,1
483.7,507.4,1224559363,1
485.2,511.5,1224559379,1
484.6,507.0,1224559390,1
489.2,521.6,1224559407,1
490.4,524.3,1224559426,1
496.4,503.1,1224559434,1
497.2,489.5,1224559454,1
495.8,481.4,1224559467,1
496.7,480.9,1224559499,1
495.8,469.9,1224559512,1
496.7,469.3,1224559523,1
498.1,481.4,1224559542,1
498.5,498.1,1224559559,1
486.0,506.1,1224559570,1
479.7,504.1,1224559588,1
482.9,496.5,1224559602,1
498.3,486.7,1224559615,1
493.3,485.7,1224559648,1
494.6,485.3,1224559660,1
516.2,473.7,1224559677,1
513.1,469.1,1224559695,1
508.7,471.3,1224559704,1
486.0,465.2,1224559722,1
490.9,470.0,1224559738,1
486.8,467.7,1224559748,1
524.2,499.2,1224559767,1
524.5,503.7,1224559796,1
509.6,504.5,1224559812,1
503.0,507.8,1224559836,1
493.4,514.9,1224559848,1
500.1,492.0,1224559858,1
505.1,491.8,1224559873,1
505.4,494.4,1224559884,1
508.6,491.7,1224559903,1
508.9,491.1,1224559918,1
520.7,507.3,1224559950,1
523.6,508.1,1224559963,1
529.2,485.0,1224559974,1
523.1,482.5,1224559993,1
518.2,483.5,1224560008,1
516.9,482.1,1224560020,1
512.9,474.3,1224560038,1
510.0,477.0,1224560053,1
507.0,477.8,1224560064,1
496.3,488.3,1224560099,1
495.0,484.2,1224560110,1
497.2,482.1,1224560128,1
496.7,480.7,1224560143,1
495.8,480.1,1224560157,1
515.5,473.3,1224560173,1
519.7,481.9,1224560188,1
515.1,479.0,1224560200,1
515.4,486.2,1224560220,1
514.6,487.5,1224560246,1
504.3,486.9,1224560263,1
508.0,487.4,1224560278,1
516.4,481.9,1224560291,1
516.6,477.2,1224560308,1
518.3,474.7,1224560323,1
512.1,469.1,1224560335,1
511.8,465.6,1224560353,1
511.2,471.2,1224560368,1
507.4,467.5,1224560399,1
507.4,466.4,1224560413,1
505.9,469.8,1224560426,1
500.9,474.7,1224560443,1
496.8,473.0,1224560458,1
500.8,471.8,1224560470,1
500.6,470.4,1224560496,1
501.2,469.6,1224560511,1
504.8,456.5,1224560520,1
499.8,460.5,1224560556,1
489.9,473.2,1224560564,1
487.5,479.4,1224560580,1
488.3,477.4,1224560595,1
491.2,489.1,1224560607,1
493.2,494.7,1224560628,1
486.8,508.6,1224560642,1
484.9,503.1,1224560653,1
481.3,509.1,1224560671,1
480.3,509.7,1224560699,1
477.0,512.0,1224560715,1
480.5,518.7,1224560727,1
481.1,521.8,1224560738,1
481.8,523.7,1224560757,1
481.9,523.9,1224560772,1
482.0,522.1,1224560783,1
481.4,517.7,1224560802,1
481.6,513.4,1224560826,1
483.8,517.1,1224560854,1
483.0,510.8,1224560864,1
481.3,504.9,1224560876,1
476.2,501.9,1224560894,1
474.0,494.6,1224560909,1
481.1,490.6,1224560921,1
502.6,471.2,1224560939,1
503.8,471.0,1224560956,1
501.3,472.3,1224560967,1
502.4,482.1,1224561003,1
503.0,490.3,1224561011,1
498.4,513.6,1224561029,1
492.1,521.2,1224561046,1
491.7,523.8,1224561056,1
493.2,502.0,1224561074,1
494.8,499.5,1224561090,1
495.7,496.3,1224561101,1
501.7,480.2,1224561121,1
505.4,471.5,1224561147,1
517.3,461.6,1224561165,1
514.4,456.6,1224561179,1
510.7,469.1,1224561191,1
495.6,494.4,1224561209,1
496.5,493.1,1224561226,1
492.4,496.1,1224561236,1
490.3,497.9,1224561254,1
487.1,497.9,1224561269,1
486.0,499.4,1224561310,1
486.5,499.5,1224561319,1
493.6,493.7,1224561327,1
513.5,460.7,1224561344,1
508.0,466.9,1224561360,1
508.3,466.4,1224561371,1
510.4,460.2,1224561389,1
510.1,459.1,1224561404,1
509.8,460.9,1224561417,1
493.1,514.7,1224561450,1
494.6,510.9,1224561461,1
497.0,515.8,1224561479,1
510.8,508.3,1224561499,1
519.0,503.0,1224561506,1
509.4,516.4,1224561524,1
504.5,517.7,1224561539,1
509.2,500.7,1224561553,1
511.5,494.0,1224561570,1
506.3,505.3,1224561597,1
504.0,498.7,1224561614,1
514.0,490.5,1224561631,1
512.6,485.9,1224561643,1
505.7,491.6,1224561659,1
497.8,513.6,1224561674,1
497.2,516.2,1224561686,1
496.7,518.3,1224561708,1
492.5,521.1,1224561719,1
486.5,518.6,1224561749,1
479.3,518.7,1224561764,1
482.6,518.8,1224561780,1
477.5,517.9,1224561796,1
476.1,516.7,1224561809,1
474.6,520.7,1224561821,1
493.6,486.9,1224561839,1
489.6,495.1,1224561854,1
482.7,498.6,1224561869,1
484.5,487.9,1224561900,1
480.3,492.5,1224561913,1
474.4,488.7,1224561929,1
474.0,484.6,1224561944,1
477.2,505.4,1224561956,1
480.4,503.1,1224561974,1
482.8,499.1,1224561991,1
483.3,495.6,1224562002,1
479.2,470.6,1224562019,1
473.5,432.8,1224562047,1
472.7,418.2,1224562063,1
473.4,415.1,1224562079,1
481.7,446.0,1224562091,1
480.7,477.9,1224562109,1
481.8,518.9,1224562125,1
479.0,520.5,1224562136,1
477.9,521.8,1224562154,1
479.6,519.5,1224562169,1
483.0,500.7,1224562211,1
492.6,491.9,1224562222,1
495.5,487.3,1224562229,1
486.3,488.9,1224562244,1
489.5,488.0,1224562262,1
488.4,486.6,1224562272,1
487.8,484.4,1224562290,1
488.2,480.6,1224562305,1
484.5,483.4,1224562319,1
487.1,498.9,1224562354,1
487.0,496.1,1224562362,1
505.5,487.6,1224562379,1
493.5,502.8,1224562396,1
489.5,514.2,1224562406,1
493.2,517.9,1224562426,1
494.4,517.3,1224562439,1
488.7,510.7,1224562451,1
484.9,508.6,1224562469,1
484.6,507.4,1224562495,1
471.8,459.7,1224562511,1
469.6,477.4,1224562532,1
471.6,485.8,1224562541,1
471.7,483.1,1224562559,1
483.0,507.2,1224562575,1
473.9,499.9,1224562587,1
476.3,500.9,1224562604,1
495.7,481.3,1224562617,1
500.0,469.3,1224562648,1
504.8,460.2,1224562662,1
504.0,456.9,1224562675,1
504.6,447.9,1224562692,1
504.2,448.1,1224562707,1
492.0,476.5,1224562718,1
486.6,493.2,1224562747,1
489.2,508.3,1224562761,1
481.9,508.2,1224562771,1
485.0,504.7,1224562806,1
493.7,476.7,1224562815,1
499.8,458.9,1224562826,1
502.1,444.2,1224562842,1
501.6,444.2,1224562852,1
501.0,440.1,1224562871,1
494.1,444.4,1224562892,1
492.6,444.9,1224562902,1
493.4,446.2,1224562917,1
492.2,449.1,1224562945,1
487.2,447.2,1224562961,1
465.7,422.1,1224562981,1
463.1,414.2,1224562995,1
453.7,396.7,1224563007,1
455.8,389.2,1224563022,1
462.1,389.1,1224563035,1
469.3,420.6,1224563052,1
458.3,451.6,1224563069,1
461.9,484.7,1224563098,1
463.2,488.6,1224563113,1
470.5,489.4,1224563124,1
486.0,492.4,1224563142,1
484.8,494.1,1224563157,1
477.2,493.0,1224563168,1
479.9,494.0,1224563189,1
477.0,492.1,1224563202,1
475.7,484.2,1224563214,1
483.7,477.8,1224563248,1
493.5,467.5,1224563260,1
493.7,464.9,1224563293,1
496.7,461.9,1224563304,1
535.7,771.0,1224563440,1
524.5,505.3,1224563457,1
612.6,447.0,1224563476,1
635.9,399.1,1224563485,1
1265.4,476.2,1224567618,2
1265.4,476.2,1224567628,2
1280.0,480.5,1224567646,2
1337.3,520.9,1224567658,2
1373.2,525.0,1224567671,2
1365.2,524.6,1224567688,2
1353.6,521.4,1224567705,2
1354.8,523.1,1224567719,2
1385.9,536.3,1224567748,2
1327.3,513.3,1224567777,2
1305.0,501.3,1224567794,2
1332.5,502.8,1224567823,2
1331.3,502.8,1224567840,2
1324.2,500.5,1224567851,2
1327.1,499.9,1224567869,2
1360.3,514.7,1224567897,2
1327.5,501.4,1224567913,2
1340.3,508.1,1224567929,2
1320.3,517.5,1224567941,2
1343.4,528.6,1224567958,2
1333.6,527.3,1224567973,2
1320.9,508.8,1224567986,2
1316.0,510.5,1224568006,2
1318.6,504.9,1224568018,2
1323.3,504.8,1224568049,2
1323.2,504.8,1224568065,2
1322.7,506.3,1224568075,2
1322.6,506.5,1224568093,2
1332.0,535.6,1224568108,2
1335.1,533.8,1224568120,2
1345.4,530.8,1224568140,2
1346.6,530.5,1224568153,2
1352.6,519.1,1224568167,2
1354.7,515.2,1224568200,2
1353.9,513.0,1224568228,2
1352.5,536.4,1224568262,2
1354.8,529.5,1224568280,2
1354.8,528.8,1224568293,2
1353.4,543.6,1224568304,2
1352.8,546.3,1224568321,2
1353.2,545.0,1224568349,2
1350.3,544.0,1224568366,2
1338.6,538.1,1224568377,2
1318.2,527.2,1224568388,2
1303.8,526.9,1224568407,2
1315.6,534.4,1224568422,2
1338.1,517.4,1224568433,2
1343.6,513.1,1224568452,2
1342.6,513.5,1224568468,2
1337.2,518.0,1224568498,2
1336.8,503.6,1224568512,2
1335.7,503.6,1224568523,2
1324.0,502.3,1224568542,2
1341.7,518.3,1224568557,2
1369.3,541.1,1224568568,2
1370.3,541.4,1224568589,2
1363.4,538.4,1224568607,2
1361.6,537.6,1224568619,2
1352.9,534.9,1224568652,2
1355.5,535.5,1224568662,2
1347.7,533.8,1224568680,2
1344.4,538.8,1224568697,2
1337.3,535.2,1224568708,2
1332.7,504.2,1224568726,2
1334.9,511.5,1224568741,2
1334.6,507.5,1224568754,2
1333.4,506.3,1224568771,2
1267.9,485.0,1224569007,2
1313.3,497.7,1224569099,2
1312.5,480.8,1224569111,2
1286.7,464.7,1224569127,2
1278.1,468.8,1224569142,2
1276.3,472.2,1224569156,2
1274.2,479.9,1224569173,2
1272.2,484.6,1224569187,2
1272.1,486.9,1224569200,2
1270.8,489.4,1224569217,2
1271.7,487.9,1224569247,2
1274.3,487.7,1224569262,2
1274.6,484.2,1224569277,2
1277.8,474.6,1224569290,2
1285.7,469.7,1224569309,2
1286.1,466.4,1224569323,2
1272.8,471.8,1224569334,2
1273.2,476.4,1224569352,2
1273.2,478.7,1224569367,2
1305.7,495.9,1224569400,2
1281.9,487.3,1224569413,2
1302.2,500.9,1224569425,2
1336.6,524.6,1224569447,2
1344.6,533.3,1224569458,2
1344.5,525.3,1224569470,2
1345.5,524.0,1224569488,2
1346.4,522.1,1224569505,2
1357.0,510.7,1224569517,2
1355.1,510.6,1224569551,2
1353.6,512.3,1224569560,2
1354.4,513.2,1224569579,2
1356.9,526.1,1224569593,2
1360.1,536.4,1224569603,2
1359.1,534.0,1224569621,2
1357.9,530.4,1224569639,2
1356.3,526.0,1224569653,2
1357.3,521.8,1224569669,2
1357.0,513.0,1224569697,2
1357.8,507.6,1224569714,2
1360.2,504.8,1224569731,2
1357.0,506.9,1224569743,2
1347.8,505.7,1224569761,2
1345.0,504.7,1224569776,2
1345.3,503.5,1224569786,2
1345.8,504.2,1224569804,2
1350.6,515.2,1224569821,2
1349.7,503.5,1224569852,2
1351.6,501.1,1224569868,2
1360.3,497.1,1224569878,2
1363.9,501.4,1224569897,2
1365.3,501.0,1224569909,2
1365.8,501.4,1224569921,2
1365.5,499.9,1224569943,2
1368.2,505.9,1224569956,2
1380.5,522.9,1224569964,2
1387.7,537.2,1224570003,2
1385.3,537.3,1224570015,2
1386.2,540.9,1224570027,2
1389.8,535.5,1224570042,2
1389.8,536.8,1224570053,2
1387.4,543.2,1224570072,2
1392.7,553.3,1224570086,2
1389.2,563.3,1224570097,2
1385.6,563.6,1224570117,2
1384.5,537.6,1224570145,2
1379.0,525.2,1224570162,2
1359.4,522.0,1224570177,2
1358.7,520.6,1224570188,2
1364.9,520.1,1224570207,2
1365.3,520.9,1224570222,2
1393.0,521.4,1224570233,2
1371.4,518.6,1224570252,2
1383.8,522.2,1224570276,2
1340.0,519.1,1224570300,2
1337.8,514.5,1224570314,2
1341.2,545.6,1224570324,2
1340.7,527.2,1224570343,2
1340.5,527.9,1224570357,2
1339.0,537.8,1224570370,2
1338.2,545.5,1224570393,2
1337.1,557.6,1224570408,2
1338.1,564.0,1224570416,2
1330.2,565.6,1224570448,2
1337.0,563.4,1224570462,2
1334.1,537.3,1224570478,2
1335.5,532.3,1224570493,2
1335.8,532.2,1224570505,2
1345.0,530.1,1224570523,2
1334.6,530.9,1224570537,2
1331.0,544.8,1224570548,2
1329.5,550.6,1224570577,2
1405.3,584.3,1224570612,2
1386.1,577.1,1224570621,2
1349.1,561.8,1224570631,2
1416.9,591.2,1224570642,2
1368.3,574.5,1224570658,2
1338.5,559.0,1224570674,2
1324.1,551.7,1224570686,2
1318.5,542.9,1224570705,2
1318.1,542.2,1224570718,2
1314.6,541.2,1224570751,2
1315.5,543.2,1224570764,2
1316.9,546.3,1224570777,2
1319.1,547.8,1224570791,2
1319.1,548.1,1224570806,2
1319.1,549.8,1224570818,2
1317.3,552.3,1224570844,2
1313.1,557.9,1224570860,2
1310.0,561.8,1224570901,2
1311.0,559.5,1224570913,2
1319.1,543.9,1224570929,2
1287.3,538.9,1224570944,2
1300.5,546.9,1224570955,2
1304.0,549.4,1224570973,2
1308.4,550.6,1224570988,2
1319.1,526.9,1224571001,2
1325.4,541.6,1224571018,2
1356.9,555.2,1224571047,2
1410.5,582.6,1224571064,2
1401.2,576.4,1224571079,2
1366.5,553.2,1224571091,2
1356.3,563.6,1224571111,2
1319.4,546.6,1224571124,2
1312.9,543.1,1224571137,2
1315.9,540.9,1224571154,2
1309.3,524.3,1224571169,2
1188.9,520.8,1224571200,2
1229.8,516.7,1224571214,2
1279.7,517.3,1224571226,2
1322.7,522.8,1224571245,2
1306.0,521.1,1224571258,2
1355.5,546.2,1224571274,2
1334.5,540.0,1224571285,2
1328.5,544.4,1224571300,2
1344.0,560.0,1224571318,2
1343.5,569.1,1224571353,2
1336.3,567.5,1224571361,2
1313.6,581.7,1224571378,2
1315.6,584.2,1224571396,2
1354.6,581.9,1224571408,2
1345.7,585.5,1224571426,2
1356.7,584.7,1224571441,2
1331.9,593.6,1224571451,2
1277.0,602.5,1224571469,2
1147.0,718.9,1224573047,2
1155.1,722.8,1224573061,2
1155.1,722.8,1224573068,2
1153.6,721.3,1224573088,2
1144.0,712.4,1224573104,2
887.1,1011.6,1224573154,2
919.9,1164.2,1224573160,2
926.5,1246.1,1224573181,2
905.6,1282.3,1224573195,2
907.0,1283.4,1224573204,2
857.3,1308.5,1224573226,2
884.0,1288.0,1224573240,2
869.8,1297.9,1224573250,2
891.8,1288.6,1224573267,2
887.5,1285.6,1224573296,2
888.7,1281.7,1224573312,2
890.4,1278.0,1224573327,2
892.0,1276.0,1224573338,2
914.1,1275.3,1224573358,2
1001.6,1203.7,1224573373,2
998.4,1209.7,1224573383,2
1029.3,1130.2,1224573402,2
1049.6,1065.4,1224573426,2
1066.1,1037.4,1224573453,2
1153.5,812.5,1224573465,2
1219.8,659.8,1224573476,2
1242.5,610.4,1224573492,2
1240.5,620.5,1224573507,2
1253.1,633.3,1224573518,2
1285.1,636.4,1224573539,2
1289.9,639.5,1224573554,2
1279.3,627.9,1224573568,2
1290.7,626.0,1224573602,2
1283.5,622.7,1224573612,2
1307.7,639.4,1224573628,2
1309.2,635.9,1224573644,2
1350.3,600.9,1224573656,2
1395.2,600.7,1224573675,2
1389.5,572.6,1224573688,2
1388.5,575.3,1224573699,2
1379.2,573.9,1224573718,2
1357.9,569.4,1224573747,2
1360.4,568.5,1224573765,2
1372.1,570.5,1224573779,2
1349.0,561.7,1224573791,2
1368.6,570.3,1224573809,2
1369.0,568.7,1224573825,2
1372.3,571.2,1224573838,2
1397.3,581.5,1224573853,2
1383.1,573.4,1224573868,2
1391.0,578.3,1224573900,2
1392.1,571.9,1224573914,2
1409.6,579.9,1224573926,2
1378.8,570.4,1224573960,2
1370.7,565.7,1224573973,2
1342.6,528.6,1224573989,2
1359.3,544.9,1224574006,2
1363.9,550.1,1224574017,2
1374.1,556.8,1224574052,2
1360.8,552.0,1224574062,2
1365.2,557.2,1224574078,2
1369.6,561.3,1224574093,2
1371.3,554.6,1224574109,2
1372.3,552.2,1224574126,2
1373.5,553.0,1224574138,2
1374.4,555.6,1224574152,2
1388.4,572.7,1224574169,2
1389.1,557.3,1224574198,2
1384.1,537.7,1224574214,2
1385.5,549.1,1224574228,2
1374.2,545.4,1224574242,2
1364.8,533.5,1224574272,2
1345.0,519.7,1224574288,2
1326.8,513.1,1224574304,2
1327.6,510.5,1224574320,2
1360.2,518.1,1224574350,2
1381.9,518.6,1224574365,2
1388.2,537.4,1224574377,2
1389.3,530.4,1224574395,2
1386.1,528.9,1224574409,2
1388.4,540.7,1224574423,2
1386.4,550.2,1224574441,2
1386.2,551.2,1224574456,2
1368.8,540.4,1224574468,2
1394.8,546.2,1224574502,2
1396.9,538.6,1224574513,2
1375.3,521.5,1224574533,2
1364.8,516.5,1224574544,2
1361.1,517.5,1224574554,2
1361.0,517.1,1224574571,2
1343.5,519.9,1224574585,2
1336.2,518.3,1224574598,2
1330.4,518.3,1224574624,2
1356.5,517.8,1224574663,2
1375.5,526.5,1224574678,2
1359.1,524.9,1224574689,2
1387.2,541.5,1224574709,2
1385.1,544.6,1224574722,2
1383.0,551.4,1224574732,2
1381.9,554.5,1224574752,2
1383.5,543.2,1224574769,2
1419.2,514.1,1224574802,2
1414.9,511.8,1224574817,2
1399.9,471.5,1224574828,2
1387.6,447.8,1224574845,2
1387.4,457.1,1224574858,2
1387.7,461.4,1224574868,2
1380.9,428.0,1224574889,2
1393.8,419.7,1224574905,2
1399.3,412.5,1224574919,2
1405.3,402.1,1224574953,2
1402.2,398.3,1224574963,2
1399.2,396.8,1224574980,2
1391.2,406.2,1224574995,2
1390.6,414.7,1224575009,2
1374.3,447.5,1224575025,2
1369.9,468.7,1224575037,2
1370.2,467.2,1224575048,2
1369.4,469.6,1224575067,2
1378.2,455.7,1224575101,2
1372.2,465.4,1224575120,2
1372.9,464.5,1224575135,2
1371.4,465.5,1224575146,2
1365.5,463.0,1224575157,2
1363.0,465.2,1224575172,2
1361.7,466.9,1224575184,2
1360.6,469.1,1224575202,2
1361.3,469.1,1224575217,2
1301.2,415.6,1224575250,2
1300.0,415.9,1224575262,2
1296.7,424.4,1224575274,2
1292.9,439.1,1224575307,2
1291.0,438.4,1224575319,2
1285.8,446.9,1224575340,2
1286.4,445.3,1224575352,2
1282.6,459.1,1224575364,2
1284.8,457.4,1224575398,2
1306.1,463.8,1224575410,2
1361.3,453.5,1224575428,2
1356.3,453.7,1224575445,2
1362.3,458.3,1224575453,2
1363.5,462.3,1224575474,2
1370.4,459.3,1224575487,2
1369.1,458.1,1224575499,2
1376.0,451.4,1224575517,2
1377.1,458.4,1224575546,2
1367.5,450.6,1224575578,2
1340.0,450.0,1224575589,2
1352.8,453.6,1224575622,2
1344.3,451.3,1224575634,2
1368.5,402.5,1224575667,2
1367.6,385.8,1224575699,2
1367.8,385.7,1224575714,2
1357.9,382.8,1224575724,2
1363.1,384.4,1224575743,2
1351.7,377.8,1224575756,2
1351.2,377.2,1224575769,2
1349.2,375.1,1224575787,2
1346.8,375.4,1224575802,2
1343.0,375.6,1224575814,2
1376.0,354.7,1224575860,2
1366.5,358.2,1224575870,2
1375.5,369.7,1224575880,2
1370.9,400.5,1224575894,2
1382.1,421.7,1224575907,2
1386.6,429.4,1224575924,2
1395.1,425.2,1224575940,2
1404.4,421.9,1224575951,2
1404.0,424.1,1224575970,2
1382.5,416.3,1224575998,2
1371.0,411.9,1224576014,2
1371.7,413.9,1224576027,2
1357.8,413.1,1224576042,2
1343.1,414.3,1224576059,2
1328.6,414.8,1224576073,2
1323.7,412.6,1224576087,2
1322.0,411.7,1224576104,2
1320.9,411.5,1224576120,2
1323.2,408.9,1224576152,2
1358.2,414.6,1224576165,2
1384.7,420.7,1224576179,2
1386.9,424.8,1224576196,2
1389.0,426.0,1224576209,2
1386.0,425.6,1224576224,2
1386.3,423.2,1224576239,2
1395.8,413.3,1224576255,2
1387.9,417.4,1224576267,2
1400.5,405.4,1224576302,2
1403.5,411.8,1224576311,2
1390.9,433.5,1224576332,2
1390.6,433.5,1224576343,2
1392.6,431.9,1224576356,2
1392.2,431.5,1224576375,2
1391.7,432.2,1224576390,2
1390.4,436.5,1224576401,2
1388.6,437.5,1224576418,2
1384.4,429.4,1224576450,2
1381.4,425.5,1224576464,2
1380.2,425.6,1224576479,2
1379.5,428.6,1224576492,2
1378.8,436.0,1224576509,2
1380.1,439.4,1224576526,2
1380.4,456.0,1224576536,2
1383.2,463.3,1224576554,2
1390.3,435.4,1224576569,2
1394.9,434.8,1224576601,2
1395.3,433.9,1224576615,2
1391.2,452.7,1224576628,2
1390.8,431.9,1224576644,2
1384.5,443.1,1224576661,2
1352.6,484.2,1224576672,2
1348.4,489.0,1224576691,2
1346.9,491.0,1224576705,2
1342.6,496.6,1224576717,2
1337.9,502.1,1224576753,2
1337.9,501.4,1224576761,2
1333.6,488.9,1224576779,2
1333.6,487.3,1224576795,2
1335.0,487.6,1224576806,2
1336.2,497.0,1224576824,2
1336.1,498.7,1224576839,2
1336.2,496.3,1224576851,2
1336.8,499.5,1224576870,2
1338.5,500.4,1224576897,2
1335.8,495.2,1224576915,2
1337.8,498.3,1224576928,2
1339.7,494.6,1224576943,2
1341.5,493.2,1224576960,2
1341.9,492.7,1224576974,2
1346.2,489.5,1224576986,2
1357.4,486.0,1224577005,2
1360.8,484.9,1224577019,2
1353.2,457.2,1224577063,2
1334.0,438.3,1224577079,2
1279.3,453.3,1224577094,2
1315.4,465.6,1224577108,2
1302.1,463.3,1224577122,2
1307.6,442.4,1224577155,2
1296.9,432.5,1224577168,2
1292.9,432.5,1224577200,2
1297.6,427.8,1224577211,2
1309.7,415.3,1224577242,2
1316.0,407.9,1224577255,2
1321.3,417.1,1224577294,2
1318.2,417.5,1224577309,2
1334.3,419.1,1224577350,2
1369.9,418.4,1224577377,2
1369.6,420.0,1224577388,2
1374.2,420.3,1224577420,2
1375.3,419.2,1224577439,2
1376.9,416.4,1224577456,2
1374.6,406.1,1224577470,2
1384.4,402.4,1224577498,2
1402.0,414.3,1224577512,2
1432.6,448.6,1224577523,2
1441.6,456.9,1224577542,2
1432.6,458.9,1224577559,2
1423.5,458.8,1224577569,2
1417.9,443.1,1224577588,2
1420.2,448.2,1224577604,2
1419.4,446.7,1224577614,2
1411.2,446.6,1224577648,2
1413.3,450.0,1224577660,2
1421.8,464.4,1224577678,2
1437.4,467.5,1224577692,2
1429.7,485.9,1224577705,2
1428.4,487.5,1224577722,2
1424.9,483.5,1224577739,2
1418.9,481.6,1224577748,2
1422.8,488.5,1224577767,2
1424.0,491.2,1224577797,2
1422.1,492.9,1224577814,2
1413.0,495.2,1224577827,2
1403.6,480.6,1224577839,2
1436.2,475.8,1224577857,2
1425.1,477.4,1224577872,2
1425.5,482.6,1224577885,2
1422.8,482.9,1224577902,2
1414.5,463.9,1224577917,2
1408.7,462.3,1224577957,2
1404.2,467.2,1224577971,2
1395.2,471.0,1224577983,2
1398.1,458.1,1224577997,2
1403.6,446.1,1224578011,2
1413.2,442.1,1224578022,2
1408.4,446.7,1224578039,2
1413.9,440.8,1224578052,2
1417.1,454.9,1224578064,2
1422.9,477.1,1224578099,2
1417.6,469.1,1224578111,2
1417.7,465.4,1224578130,2
1425.1,463.1,1224578145,2
1418.0,465.4,1224578156,2
1469.8,468.1,1224578175,2
1461.3,468.3,1224578188,2
1448.5,457.0,1224578199,2
1457.2,454.8,1224578218,2
1446.1,455.4,1224578246,2
1447.9,464.3,1224578263,2
1436.8,476.3,1224578279,2
1427.1,465.1,1224578290,2
1433.8,495.8,1224578308,2
1436.6,500.2,1224578323,2
1430.7,489.3,1224578335,2
1419.9,476.4,1224578356,2
1413.7,468.0,1224578368,2
1365.3,436.6,1224578399,2
1393.7,452.4,1224578412,2
1373.6,444.2,1224578427,2
1336.8,442.1,1224578443,2
1335.3,445.4,1224578457,2
1337.8,444.8,1224578469,2
1338.1,447.0,1224578489,2
1337.7,454.3,1224578502,2
1341.0,461.7,1224578514,2
1305.9,491.9,1224578548,2
1307.3,484.9,1224578561,2
1328.7,470.9,1224578592,2
1328.4,468.4,1224578604,2
1356.4,449.8,1224578644,2
1367.9,449.5,1224578657,2
1373.4,449.2,1224578669,2
1352.9,458.6,1224578696,2
1346.0,458.1,1224578712,2
1348.4,457.4,1224578726,2
1338.7,459.8,1224578739,2
1326.2,462.7,1224578760,2
1329.1,461.3,1224578774,2
1323.8,463.7,1224578784,2
1325.4,472.9,1224578824,2
1323.1,478.3,1224578850,2
1322.3,478.8,1224578862,2
1314.5,485.1,1224578875,2
1288.9,499.9,1224578907,2
1294.0,497.9,1224578921,2
1262.7,524.3,1224578953,2
1289.5,504.8,1224578965,2
1280.2,507.8,1224579006,2
1313.8,481.2,1224579020,2
1327.5,472.1,1224579046,2
1319.1,482.0,1224579055,2
1303.5,484.6,1224579087,2
1305.4,495.7,1224579098,2
1306.1,495.9,1224579148,2
1299.1,514.6,1224579181,2
1293.2,519.4,1224579190,2
1297.2,520.4,1224579225,2
1319.3,476.9,1224579233,2
1327.0,462.6,1224579266,2
1351.2,468.9,1224579305,2
1426.4,493.6,1224579319,2
1394.9,496.2,1224579323,2
1466.9,519.2,1224579343,2
1454.7,518.6,1224579359,2
1442.6,518.9,1224579367,2
1454.1,503.4,1224579388,2
1434.8,494.0,1224579400,2
1408.8,520.9,1224579414,2
1404.6,519.8,1224579450,2
1406.1,495.6,1224579460,2
1427.4,489.6,1224579478,2
1427.4,486.7,1224579495,2
1417.1,496.3,1224579507,2
1450.1,496.9,1224579526,2
1445.6,505.9,1224579540,2
1439.3,494.8,1224579553,2
1446.2,494.2,1224579567,2
1375.0,467.3,1224579593,2
1377.4,465.8,1224579612,2
1380.4,461.8,1224579627,2
1365.0,461.8,1224579641,2
1352.2,464.1,1224579672,2
1342.8,451.2,1224579687,2
1339.9,448.4,1224579717,2
1333.9,442.2,1224579762,2
1337.3,441.5,1224579777,2
1339.3,462.6,1224579809,2
1340.3,463.7,1224579820,2
1340.8,474.0,1224579852,2
1337.5,474.2,1224579865,2
1336.3,473.6,1224579899,2
1336.5,462.1,1224579912,2
1354.0,440.7,1224579942,2
1354.1,440.1,1224579955,2
1350.4,436.6,1224579990,2
1343.8,454.0,1224580003,2
1333.6,462.5,1224580045,2
1317.3,475.8,1224580061,2
1310.4,492.2,1224580076,2
1308.9,490.9,1224580088,2
1308.1,491.9,1224580107,2
1306.9,487.4,1224580122,2
1308.5,485.7,1224580135,2
1310.9,478.5,1224580166,2
1316.6,480.1,1224580211,2
1307.8,483.8,1224580222,2
1290.3,486.4,1224580243,2
1286.4,483.3,1224580256,2
1291.3,480.9,1224580269,2
1300.2,495.3,1224580301,2
1301.6,497.6,1224580314,2
1292.0,503.0,1224580350,2
1290.5,502.9,1224580359,2
1280.8,503.9,1224580394,2
1324.3,475.9,1224580404,2
1349.9,458.8,1224580438,2
1348.8,453.8,1224580450,2
1349.9,455.7,1224580470,2
1309.6,475.8,1224580500,2
1284.3,487.1,1224580514,2
1179.3,509.7,1224580528,2
1082.8,512.7,1224580540,2
999.8,523.4,1224580559,2
921.3,526.7,1224580574,2
873.9,549.5,1224580586,2
859.6,556.4,1224580602,2
859.0,558.1,1224580619,2
859.0,559.0,1224580659,2
1238.0,569.6,1224580670,2
1231.9,567.7,1224580676,2
1289.9,521.2,1224580695,2
1393.9,481.3,1224580710,2
1397.5,480.9,1224580720,2
1358.6,492.5,1224580743,2
1346.3,493.3,1224580754,2
1336.7,484.7,1224580766,2
1385.3,471.6,1224580806,2
1390.0,472.3,1224580819,2
1390.5,491.5,1224580832,2
1402.9,502.4,1224580846,2
1393.4,501.4,1224580859,2
1451.6,501.7,1224580876,2
1433.6,496.2,1224580887,2
1425.2,495.8,1224580897,2
1410.1,492.3,1224580916,2
1391.4,492.7,1224580945,2
1396.6,491.8,1224580961,2
1396.8,491.4,1224580982,2
1385.5,509.3,1224580994,2
1386.1,508.6,1224581008,2
1385.9,510.1,1224581021,2
1390.3,506.3,1224581032,2
1403.9,506.1,1224581052,2
1411.5,503.0,1224581066,2
1403.7,498.2,1224581106,2
1404.1,495.6,1224581121,2
1394.7,503.8,1224581132,2
1387.8,510.8,1224581149,2
1387.4,513.6,1224581166,2
1385.3,507.6,1224581177,2
1416.2,515.0,1224581187,2
1422.5,516.1,1224581202,2
1417.3,515.3,1224581213,2
1386.3,522.7,1224581248,2
1380.8,525.7,1224581259,2
1392.4,526.9,1224581284,2
1401.3,492.9,1224581300,2
1410.1,474.4,1224581304,2
1451.3,482.5,1224581322,2
1452.2,485.6,1224581336,2
1436.3,484.1,1224581348,2
1449.9,486.4,1224581368,2
1415.8,481.9,1224581396,2
1375.8,482.5,1224581413,2
1392.7,493.5,1224581427,2
1384.4,490.4,1224581438,2
1375.0,492.7,1224581457,2
1372.5,493.3,1224581471,2
1407.5,521.3,1224581484,2
1414.9,522.6,1224581504,2
1433.9,521.9,1224581516,2
1407.8,532.7,1224581549,2
1391.0,533.4,1224581561,2
1388.0,495.0,1224581573,2
1402.2,492.3,1224581591,2
1399.7,490.6,1224581606,2
1397.9,499.3,1224581620,2
1414.1,502.4,1224581637,2
1419.8,501.1,1224581652,2
1422.4,500.7,1224581663,2
1412.4,507.5,1224581698,2
1407.2,507.1,1224581709,2
1405.8,503.7,1224581727,2
1396.4,513.4,1224581742,2
1397.5,513.6,1224581756,2
1391.2,520.0,1224581774,2
1399.4,515.9,1224581787,2
1399.4,497.9,1224581798,2
1424.5,511.3,1224581818,2
1409.6,508.8,1224581845,2
1437.3,519.5,1224581862,2
1426.2,511.0,1224581876,2
1411.6,512.7,1224581890,2
1442.5,500.0,1224581907,2
1428.2,482.7,1224581922,2
1426.0,484.0,1224581933,2
1432.7,490.9,1224581952,2
1422.3,482.7,1224581966,2
1389.9,459.4,1224582011,2
1369.8,464.9,1224582025,2
1337.5,479.0,1224582058,2
1326.1,484.0,1224582068,2
1308.7,499.5,1224582087,2
1308.9,498.2,1224582102,2
1308.7,496.3,1224582115,2
1311.3,488.8,1224582147,2
1309.7,493.8,1224582159,2
1349.4,499.2,1224582177,2
1368.1,505.9,1224582192,2
1380.2,490.4,1224582203,2
1401.3,491.9,1224582222,2
1419.5,497.9,1224582245,2
1400.9,496.7,1224582258,2
1419.8,500.7,1224582277,2
1420.7,505.5,1224582301,2
1375.2,509.6,1224582315,2
1395.6,505.8,1224582328,2
1382.5,493.8,1224582345,2
1393.8,497.4,1224582358,2
1388.5,498.4,1224582373,2
1386.6,516.0,1224582388,2
1409.8,522.9,1224582404,2
1409.3,507.5,1224582420,2
1393.0,507.5,1224582464,2
1373.8,484.6,1224582474,2
1317.7,468.5,1224582493,2
1328.8,461.8,1224582509,2
1339.8,457.3,1224582522,2
1333.3,481.4,1224582554,2
1332.8,475.1,1224582566,2
1328.6,472.6,1224582603,2
1324.4,475.8,1224582612,2
1337.8,474.7,1224582640,2
1339.5,467.2,1224582660,2
1345.0,471.7,1224582693,2
1345.4,471.0,1224582706,2
1339.1,466.9,1224582755,2
1331.8,473.6,1224582782,2
1335.1,479.3,1224582790,2
1360.1,475.0,1224582821,2
1364.5,469.6,1224582834,2
1367.7,467.2,1224582868,2
1358.6,459.5,1224582914,2
1363.7,461.3,1224582926,2
1351.6,461.8,1224582957,2
1360.2,460.0,1224582969,2
1354.5,464.2,1224583004,2
1326.9,479.9,1224583014,2
1316.9,489.2,1224583047,2
1318.2,484.7,1224583060,2
1305.4,489.9,1224583092,2
1299.4,495.2,1224583104,2
1305.9,479.7,1224583137,2
1328.1,472.0,1224583149,2
1327.7,483.7,1224583196,2
1343.0,480.8,1224583210,2
1366.3,482.9,1224583225,2
1323.0,462.5,1224583236,2
1417.9,482.3,1224583260,2
1410.3,483.1,1224583275,2
1387.8,476.7,1224583287,2
1340.6,470.5,1224583305,2
1317.9,471.1,1224583317,2
1302.9,474.5,1224583365,2
1300.6,484.7,1224583376,2
1297.7,492.9,1224583409,2
1297.8,493.2,1224583421,2
1300.6,489.8,1224583456,2
1313.1,478.6,1224583468,2
1313.2,476.3,1224583502,2
534.0,868.1,1224587508,3
526.7,836.3,1224587521,3
524.4,830.0,1224587551,3
525.5,830.6,1224587559,3
523.7,832.9,1224587576,3
492.3,872.1,1224587592,3
524.8,843.5,1224587605,3
522.0,845.5,1224587621,3
522.0,840.0,1224587637,3
511.2,829.1,1224587649,3
509.2,825.7,1224587666,3
520.2,845.2,1224587701,3
520.1,846.5,1224587719,3
526.2,843.8,1224587735,3
527.0,839.6,1224587745,3
529.1,832.7,1224587756,3
532.0,845.0,1224587774,3
537.1,835.8,1224587785,3
539.8,832.0,1224587804,3
543.2,875.9,1224587824,3
408.8,949.6,1224587857,3
393.5,966.5,1224587877,3
393.6,963.7,1224587895,3
416.3,955.0,1224587908,3
428.6,957.8,1224587921,3
421.7,920.3,1224587938,3
476.3,926.6,1224587953,3
492.5,922.4,1224587967,3
479.4,910.3,1224587999,3
444.2,895.4,1224588010,3
439.5,898.1,1224588029,3
471.3,863.3,1224588043,3
477.5,864.1,1224588055,3
528.0,917.5,1224588072,3
492.4,924.6,1224588088,3
485.3,923.2,1224588102,3
486.4,923.7,1224588118,3
378.3,945.9,1224588148,3
382.8,982.8,1224588163,3
369.1,972.5,1224588177,3
380.3,963.6,1224588187,3
511.4,904.8,1224588205,3
519.5,919.5,1224588220,3
496.7,918.5,1224588237,3
498.1,918.6,1224588254,3
520.7,873.6,1224588270,3
533.8,879.9,1224588298,3
545.2,874.4,1224588311,3
535.5,825.2,1224588322,3
546.9,813.7,1224588341,3
546.5,814.3,1224588358,3
547.0,813.8,1224588373,3
578.5,878.9,1224588388,3
575.8,870.3,1224588404,3
574.4,858.2,1224588417,3
610.3,912.6,1224588453,3
594.0,888.6,1224588461,3
606.5,906.0,1224588480,3
520.7,792.6,1224588496,3
528.9,806.2,1224588508,3
500.6,772.0,1224588524,3
516.6,794.7,1224588541,3
531.4,815.2,1224588553,3
543.8,833.1,1224588569,3
544.7,834.0,1224588598,3
545.6,833.7,1224588613,3
544.2,832.8,1224588629,3
552.3,838.7,1224588643,3
576.4,912.2,1224588661,3
575.4,915.2,1224588674,3
568.0,898.8,1224588684,3
569.5,935.6,1224588700,3
561.1,911.4,1224588716,3
549.7,884.0,1224588753,3
547.4,834.4,1224588767,3
549.5,825.6,1224588775,3
561.2,848.6,1224588795,3
589.4,915.7,1224588807,3
573.9,900.5,1224588820,3
575.8,928.5,1224588837,3
572.2,910.9,1224588852,3
547.6,850.8,1224588864,3
545.6,854.8,1224588898,3
550.2,879.0,1224588910,3
529.5,843.9,1224588928,3
525.9,842.1,1224588942,3
526.4,834.2,1224588955,3
525.7,832.4,1224588972,3
525.2,831.0,1224588987,3
525.6,830.5,1224589000,3
533.4,827.8,1224589017,3
532.2,828.7,1224589046,3
562.6,901.9,1224589063,3
546.3,871.9,1224589078,3
536.1,848.9,1224589090,3
526.9,830.8,1224589107,3
516.6,816.8,1224589122,3
512.7,814.7,1224589138,3
511.1,812.8,1224589152,3
510.0,812.2,1224589167,3
516.1,818.2,1224589197,3
537.7,823.5,1224589213,3
558.3,831.8,1224589225,3
558.0,832.1,1224589242,3
572.7,856.6,1224589257,3
564.0,854.8,1224589272,3
559.8,852.8,1224589287,3
557.7,853.2,1224589302,3
534.9,849.0,1224589314,3
546.7,833.4,1224589349,3
548.2,831.0,1224589360,3
542.7,837.2,1224589376,3
559.7,906.5,1224589392,3
560.8,912.4,1224589405,3
575.9,914.2,1224589422,3
572.1,890.8,1224589437,3
575.9,908.9,1224589450,3
576.1,907.8,1224589467,3
577.5,912.2,1224589496,3
565.5,842.4,1224589512,3
555.8,812.3,1224589527,3
554.7,814.7,1224589538,3
561.3,861.3,1224589556,3
558.0,854.0,1224589572,3
537.3,825.8,1224589583,3
536.1,836.6,1224589601,3
507.7,812.7,1224589617,3
495.4,810.8,1224589649,3
499.7,810.7,1224589662,3
491.7,787.5,1224589675,3
466.3,801.7,1224589691,3
470.7,783.5,1224589707,3
476.9,773.5,1224589718,3
477.1,772.1,1224589737,3
505.2,705.2,1224589753,3
505.8,713.8,1224589765,3
514.8,734.7,1224589817,3
555.8,870.3,1224589828,3
543.4,871.3,1224589842,3
538.5,852.9,1224589855,3
547.8,889.8,1224589874,3
555.7,900.3,1224589888,3
546.8,867.5,1224589900,3
557.7,893.5,1224589917,3
565.5,862.4,1224589946,3
564.6,837.8,1224589963,3
558.1,812.3,1224589977,3
552.6,796.3,1224589989,3
565.4,861.1,1224590015,3
543.7,823.1,1224590035,3
543.3,822.1,1224590052,3
523.2,741.1,1224590068,3
545.6,806.6,1224590098,3
535.3,758.9,1224590112,3
535.6,762.7,1224590123,3
535.9,764.9,1224590143,3
553.9,828.4,1224590169,3
552.2,890.5,1224590187,3
548.7,873.3,1224590202,3
540.3,865.2,1224590214,3
524.8,828.9,1224590260,3
518.4,795.3,1224590279,3
473.2,689.1,1224590292,3
472.5,694.3,1224590304,3
452.0,742.2,1224590322,3
415.0,739.6,1224590337,3
289.0,830.6,1224590352,3
305.4,827.2,1224590367,3
350.2,843.0,1224590404,3
545.0,925.6,1224590420,3
485.7,898.6,1224590432,3
563.6,836.6,1224590444,3
565.5,881.8,1224590457,3
539.6,758.6,1224590473,3
552.1,795.2,1224590483,3
565.7,814.6,1224590501,3
572.8,843.0,1224590549,3
558.8,819.4,1224590573,3
558.0,822.2,1224590591,3
562.1,828.1,1224590617,3
561.6,821.6,1224590630,3
563.1,814.7,1224590639,3
549.5,795.9,1224590653,3
541.9,788.4,1224590668,3
551.0,796.9,1224590702,3
553.2,810.8,1224590712,3
547.0,811.7,1224590729,3
533.8,788.1,1224590743,3
521.4,776.7,1224590754,3
528.6,797.0,1224590771,3
539.6,828.4,1224590786,3
539.3,832.3,1224590799,3
555.6,876.3,1224590815,3
532.8,834.8,1224590845,3
515.4,807.7,1224590861,3
515.2,801.2,1224590887,3
520.3,820.0,1224590905,3
539.9,844.7,1224590921,3
541.3,826.2,1224590933,3
555.7,880.7,1224590951,3
558.0,861.2,1224590966,3
574.6,891.0,1224590997,3
564.8,857.7,1224591022,3
569.7,857.9,1224591041,3
565.1,843.2,1224591065,3
547.2,790.8,1224591078,3
547.6,797.3,1224591088,3
554.5,864.6,1224591101,3
544.2,843.1,1224591114,3
541.7,828.4,1224591148,3
527.5,800.5,1224591160,3
510.9,806.5,1224591176,3
505.7,847.6,1224591203,3
519.6,874.4,1224591222,3
529.4,858.1,1224591248,3
564.7,893.6,1224591267,3
558.9,862.4,1224591296,3
557.8,863.4,1224591312,3
546.7,826.5,1224591338,3
564.2,849.2,1224591356,3
560.6,844.8,1224591386,3
541.3,792.6,1224591403,3
549.3,703.6,1224591417,3
545.2,778.0,1224591448,3
547.9,781.4,1224591474,3
560.9,841.9,1224591493,3
555.9,899.9,1224591509,3
555.4,826.2,1224591518,3
606.1,882.4,1224591538,3
600.2,869.1,1224591552,3
582.5,824.0,1224591563,3
594.7,847.4,1224591617,3
584.0,854.9,1224591632,3
558.6,821.8,1224591660,3
537.4,782.5,1224591677,3
539.4,760.7,1224591688,3
545.3,747.8,1224591699,3
588.2,858.7,1224591719,3
587.8,851.5,1224591746,3
585.6,871.6,1224591762,3
584.6,889.3,1224591789,3
582.0,860.0,1224591808,3
598.7,830.4,1224591833,3
616.7,873.5,1224591854,3
615.3,819.4,1224591899,3
582.2,877.7,1224591925,3
579.6,869.9,1224591942,3
575.4,845.6,1224591968,3
576.4,845.9,1224591988,3
584.8,797.5,1224592015,3
590.1,792.5,1224592048,3
617.1,707.1,1224592062,3
618.9,814.0,1224592077,3
624.6,829.2,1224592112,3
606.1,892.0,1224592131,3
613.7,888.2,1224592148,3
580.2,811.2,1224592159,3
576.5,818.5,1224592169,3
576.0,827.7,1224592196,3
578.9,845.1,1224592211,3
564.2,806.8,1224592238,3
559.0,801.3,1224592267,3
564.9,790.0,1224592288,3
569.1,785.8,1224592305,3
575.6,779.8,1224592353,3
570.9,785.0,1224592379,3
554.2,817.9,1224592396,3
591.3,907.5,1224592412,3
579.4,802.5,1224592424,3
585.3,855.3,1224592445,3
591.3,753.5,1224592458,3
591.7,769.8,1224592471,3
585.7,727.7,1224592514,3
609.9,796.9,1224592530,3
621.9,819.9,1224592559,3
623.8,881.1,1224592575,3
622.8,887.3,1224592591,3
617.9,898.1,1224592603,3
609.7,871.6,1224592622,3
592.3,869.8,1224592652,3
597.0,889.6,1224592666,3
584.8,818.5,1224592688,3
594.2,856.1,1224592706,3
596.2,853.5,1224592721,3
608.2,865.5,1224592740,3
618.9,879.5,1224592758,3
622.6,924.2,1224592798,3
585.9,807.3,1224592825,3
583.5,811.6,1224592842,3
589.7,899.7,1224592857,3
564.5,817.4,1224592870,3
567.1,842.6,1224592886,3
566.6,845.7,1224592913,3
563.5,837.2,1224592961,3
559.7,810.5,1224592977,3
552.2,783.3,1224593003,3
576.3,884.4,1224593021,3
568.1,831.2,1224593048,3
575.7,875.8,1224593067,3
578.7,862.7,1224593097,3
579.8,879.2,1224593111,3
579.8,918.5,1224593139,3
581.3,923.9,1224593159,3
589.1,922.7,1224593175,3
575.7,832.9,1224593184,3
584.3,851.2,1224593204,3
620.8,908.1,1224593220,3
627.1,937.9,1224593248,3
620.6,910.2,1224593261,3
584.3,843.0,1224593271,3
578.0,837.9,1224593289,3
607.8,918.6,1224593308,3
580.5,825.9,1224593321,3
588.8,851.0,1224593339,3
591.3,861.8,1224593368,3
575.3,816.0,1224593410,3
576.9,821.2,1224593425,3
586.3,798.5,1224593452,3
606.9,847.6,1224593470,3
620.7,795.5,1224593487,3
664.4,699.6,1224593497,3
643.9,847.1,1224593515,3
647.8,831.5,1224593544,3
638.9,805.6,1224593560,3
612.4,695.9,1224593587,3
613.9,688.1,1224593605,3
601.6,771.3,1224593621,3
574.5,809.3,1224593632,3
573.9,881.2,1224593650,3
534.1,819.7,1224593671,3
555.7,884.9,1224593705,3
548.8,735.9,1224593719,3
552.8,779.5,1224593727,3
579.3,842.4,1224593743,3
582.8,857.8,1224593768,3
580.2,873.0,1224593787,3
581.2,889.4,1224593813,3
567.0,789.7,1224593859,3
572.2,867.7,1224593879,3
571.2,860.0,1224593892,3
558.7,828.3,1224593904,3
571.8,887.3,1224593921,3
569.6,879.1,1224593937,3
564.8,891.3,1224593950,3
546.6,854.7,1224593967,3
522.3,839.0,1224593996,3
519.3,853.2,1224594013,3
519.8,856.0,1224594028,3
506.1,812.2,1224594040,3
497.5,779.9,1224594057,3
509.9,827.0,1224594072,3
522.1,874.7,1224594088,3
516.2,892.6,1224594102,3
516.6,899.4,1224594117,3
520.2,926.1,1224594150,3
519.7,929.8,1224594162,3
504.1,862.0,1224594175,3
517.1,917.5,1224594192,3
510.6,873.6,1224594207,3
512.3,835.9,1224594222,3
524.7,903.3,1224594237,3
523.5,902.2,1224594252,3
520.8,887.0,1224594266,3
511.5,839.4,1224594299,3
508.0,816.8,1224594310,3
517.7,857.2,1224594327,3
530.8,900.3,1224594342,3
526.2,877.6,1224594353,3
523.2,858.0,1224594372,3
518.2,842.5,1224594385,3
511.4,824.9,1224594396,3
513.8,833.5,1224594420,3
484.7,795.2,1224594453,3
485.2,805.9,1224594467,3
496.9,836.6,1224594483,3
505.7,854.2,1224594494,3
528.8,905.3,1224594512,3
535.6,908.0,1224594528,3
570.1,742.9,1224594539,3
558.5,774.9,1224594556,3
583.1,705.5,1224594597,3
545.3,712.7,1224594612,3
548.9,716.7,1224594623,3
525.3,873.9,1224594641,3
520.0,863.9,1224594656,3
510.9,839.3,1224594667,3
522.0,890.7,1224594686,3
506.6,830.7,1224594712,3
510.5,843.5,1224594752,3
512.4,847.5,1224594760,3
527.8,889.4,1224594774,3
524.6,889.1,1224594790,3
516.9,865.2,1224594802,3
514.7,859.2,1224594820,3
515.0,854.5,1224594836,3
531.5,894.8,1224594849,3
529.6,898.8,1224594866,3
533.7,902.9,1224594895,3
550.7,937.9,1224594911,3
540.0,908.3,1224594927,3
534.0,905.3,1224594937,3
531.3,903.3,1224594956,3
529.8,887.8,1224594971,3
523.2,860.7,1224594984,3
521.0,854.0,1224595001,3
506.4,812.3,1224595018,3
501.3,784.1,1224595048,3
508.2,791.0,1224595073,3
509.4,791.6,1224595091,3
551.0,905.6,1224595106,3
540.8,880.3,1224595120,3
523.8,843.7,1224595136,3
514.7,832.8,1224595163,3
513.7,821.0,1224595197,3
516.9,817.0,1224595209,3
519.3,823.9,1224595226,3
525.3,870.8,1224595241,3
533.0,892.1,1224595262,3
533.7,918.6,1224595275,3
533.2,926.5,1224595288,3
530.3,902.6,1224595299,3
528.9,906.3,1224595317,3
515.9,796.9,1224595348,3
517.0,786.1,1224595362,3
517.0,787.2,1224595392,3
515.8,807.7,1224595407,3
505.3,877.4,1224595422,3
503.2,879.6,1224595435,3
502.8,880.4,1224595453,3
489.0,845.4,1224595467,3
496.6,864.1,1224595499,3
495.4,839.4,1224595525,3
522.5,886.0,1224595542,3
522.6,877.9,1224595557,3
531.6,882.0,1224595570,3
550.1,847.8,1224595589,3
528.6,797.2,1224595615,3
522.2,775.7,1224595659,3
513.5,777.9,1224595676,3
500.7,881.9,1224595692,3
498.9,876.7,1224595705,3
498.1,882.0,1224595724,3
495.1,873.2,1224595748,3
496.8,873.3,1224595766,3
493.6,875.3,1224595796,3
485.9,881.0,1224595814,3
489.9,879.6,1224595830,3
497.1,861.4,1224595839,3
560.3,910.8,1224595860,3
549.4,886.8,1224595875,3
545.8,878.0,1224595882,3
541.6,888.9,1224595899,3
537.5,877.3,1224595915,3
545.4,911.0,1224595949,3
561.3,947.3,1224595963,3
554.0,919.7,1224595977,3
564.3,927.2,1224595994,3
554.0,893.9,1224596009,3
553.6,901.4,1224596020,3
563.2,930.8,1224596035,3
563.4,929.4,1224596050,3
554.1,908.6,1224596065,3
536.4,849.7,1224596107,3
547.7,885.8,1224596125,3
544.4,880.2,1224596143,3
538.8,851.4,1224596153,3
536.0,831.2,1224596170,3
554.1,902.9,1224596187,3
558.1,920.1,1224596200,3
541.5,858.9,1224596215,3
526.0,806.6,1224596244,3
560.0,937.3,1224596260,3
507.9,818.6,1224596287,3
521.6,864.6,1224596305,3
543.2,932.5,1224596321,3
525.4,902.5,1224596339,3
527.0,898.8,1224596357,3
524.2,859.9,1224596366,3
522.2,849.2,1224596397,3
523.5,846.0,1224596411,3
521.8,836.8,1224596428,3
538.8,868.4,1224596446,3
532.8,847.0,1224596460,3
536.5,850.0,1224596469,3
553.2,901.6,1224596487,3
548.5,881.9,1224596502,3
544.8,872.2,1224596515,3
458.9,677.7,1224596549,3
482.1,730.3,1224596559,3
553.2,880.3,1224596576,3
561.5,899.4,1224596593,3
532.7,842.4,1224596604,3
534.8,857.9,1224596621,3
527.3,846.6,1224596637,3
526.8,847.8,1224596648,3
548.9,904.6,1224596667,3
544.9,890.2,1224596696,3
545.9,903.7,1224596711,3
549.6,910.3,1224596731,3
528.4,857.9,1224596740,3
549.1,926.5,1224596757,3
538.9,899.4,1224596772,3
533.2,882.6,1224596784,3
540.3,917.7,1224596801,3
531.9,895.0,1224596817,3
536.4,912.8,1224596857,3
522.7,885.9,1224596873,3
503.5,827.8,1224596886,3
512.4,847.4,1224596898,3
564.7,938.0,1224596909,3
551.3,911.6,1224596920,3
549.2,914.2,1224596938,3
552.2,921.9,1224596954,3
550.5,901.9,1224596966,3
550.4,909.2,1224596999,3
535.3,867.6,1224597010,3
538.9,928.1,1224597026,3
540.8,930.5,1224597043,3
535.9,878.7,1224597057,3
552.0,903.2,1224597072,3
555.8,910.7,1224597098,3
562.5,931.1,1224597116,3
563.4,932.4,1224597145,3
565.0,935.7,1224597159,3
596.3,967.9,1224597175,3
593.1,966.3,1224597186,3
577.1,963.3,1224597213,3
574.9,951.2,1224597226,3
586.5,957.3,1224597236,3
529.2,892.6,1224597258,3
538.7,855.3,1224597273,3
559.0,918.0,1224597301,3
553.9,881.2,1224597315,3
555.3,920.9,1224597326,3
556.8,929.6,1224597343,3
558.7,933.6,1224597358,3
546.5,925.7,1224597372,3
535.1,878.4,1224597391,3
531.2,852.0,1224597406,3
528.9,838.1,1224597414,3
575.7,935.8,1224597450,3
578.2,941.8,1224597461,3
578.5,946.4,1224597478,3
578.4,952.6,1224597495,3
564.1,916.1,1224597508,3
570.1,911.0,1224597525,3
576.1,924.6,1224597536,3
566.8,893.3,1224597547,3
570.6,922.7,1224597565,3
563.4,902.3,1224597599,3
570.7,933.8,1224597614,3
562.4,944.9,1224597629,3
558.7,950.7,1224597641,3
546.3,943.2,1224597660,3
547.5,960.3,1224597674,3
550.8,972.1,1224597682,3
554.6,977.2,1224597699,3
561.5,958.3,1224597721,3
561.6,969.0,1224597747,3
559.1,960.4,1224597760,3
555.7,923.8,1224597774,3
553.6,904.7,1224597790,3
558.7,920.6,1224597806,3
553.8,893.7,1224597817,3
550.9,867.9,1224597837,3
544.4,849.7,1224597852,3
542.4,843.8,1224597867,3
524.8,756.2,1224597896,3
525.9,783.1,1224597907,3
552.5,907.6,1224597925,3
549.7,908.6,1224597941,3
554.1,916.2,1224597952,3
541.7,948.9,1224597970,3
541.1,948.3,1224597994,3
538.3,927.1,1224598008,3
536.7,925.7,1224598021,3
532.4,888.5,1224598046,3
527.6,786.6,1224598062,3
531.3,817.3,1224598078,3
530.9,814.0,1224598090,3
538.4,875.8,1224598109,3
538.3,854.5,1224598124,3
539.6,871.3,1224598135,3
541.9,908.3,1224598153,3
540.5,904.5,1224598168,3
545.2,940.8,1224598199,3
553.6,959.2,1224598212,3
549.7,934.0,1224598225,3
560.8,926.3,1224598242,3
545.6,889.3,1224598259,3
540.0,887.7,1224598270,3
537.6,930.1,1224598287,3
533.1,902.0,1224598303,3
531.9,894.4,1224598316,3
521.9,809.8,1224598351,3
520.9,800.8,1224598360,3
527.8,825.4,1224598379,3
548.9,894.6,1224598392,3
546.1,887.2,1224598404,3
550.6,911.8,1224598421,3
547.2,887.5,1224598435,3
545.2,868.5,1224598446,3
553.8,904.4,1224598467,3
553.0,877.4,1224598493,3
556.3,875.0,1224598509,3
552.9,857.2,1224598531,3
547.6,857.3,1224598543,3
549.9,888.2,1224598555,3
556.7,918.9,1224598571,3
553.4,882.7,1224598587,3
556.6,902.1,1224598603,3
549.5,874.6,1224598616,3
546.7,896.4,1224598647,3
550.0,922.1,1224598661,3
537.9,836.8,1224598672,3
558.1,890.6,1224598691,3
552.0,859.8,1224598706,3
548.8,874.1,1224598719,3
542.6,931.0,1224598736,3
537.8,915.6,1224598751,3
534.7,903.8,1224598762,3
519.2,825.6,1224598797,3
519.7,811.2,1224598808,3
525.1,830.4,1224598826,3
535.4,858.3,1224598841,3
520.3,815.5,1224598854,3
535.7,915.4,1224598872,3
526.7,893.8,1224598886,3
523.9,876.0,1224598897,3
534.6,913.6,1224598915,3
526.8,875.7,1224598945,3
515.0,811.7,1224598961,3
527.3,816.2,1224598976,3
532.8,845.3,1224598989,3
536.5,874.3,1224599006,3
541.2,902.2,1224599032,3
538.8,888.2,1224599051,3
538.7,879.9,1224599067,3
559.5,925.1,1224599097,3
545.7,866.6,1224599111,3
554.7,904.3,1224599124,3
557.1,933.9,1224599142,3
553.2,918.2,1224599156,3
528.9,833.5,1224599168,3
540.4,871.8,1224599185,3
542.9,856.5,1224599201,3
549.4,881.8,1224599212,3
541.4,841.2,1224599247,3
532.2,824.6,1224599261,3
533.4,843.0,1224599275,3
532.8,844.4,1224599291,3
520.1,809.9,1224599302,3
537.8,894.7,1224599320,3
541.6,909.6,1224599336,3
538.3,880.5,1224599347,3
547.9,855.9,1224599366,3
549.7,859.9,1224599398,3
561.2,880.0,1224599411,3
536.6,853.3,1224599428,3
536.1,862.4,1224599437,3
531.1,899.2,1224599456,3
525.9,897.4,1224599471,3
520.2,888.8,1224599482,3
530.7,925.9,1224599501,3
531.0,919.8,1224599516,3
546.3,945.5,1224599547,3
543.3,933.8,1224599561,3
543.8,934.0,1224599573,3
536.1,943.3,1224599591,3
528.8,921.2,1224599607,3
528.7,912.9,1224599617,3
535.3,922.0,1224599637,3
542.1,924.3,1224599651,3
546.9,915.2,1224599664,3
560.6,917.0,1224599697,3
554.5,891.5,1224599709,3
569.4,937.0,1224599725,3
544.5,881.5,1224599741,3
552.6,897.1,1224599752,3
543.3,923.4,1224599770,3
536.7,906.4,1224599786,3
529.5,881.0,1224599799,3
535.9,911.4,1224599816,3
521.6,861.0,1224599846,3
538.3,903.5,1224599860,3
538.2,895.6,1224599878,3
525.6,862.1,1224599888,3
531.8,912.3,1224599906,3
532.7,908.3,1224599921,3
532.9,892.0,1224599934,3
532.0,903.9,1224599950,3
531.3,900.5,1224599966,3
530.9,904.8,1224599998,3
526.3,871.9,1224600011,3
522.1,883.5,1224600023,3
538.5,899.2,1224600041,3
533.5,884.4,1224600056,3
521.3,807.4,1224600070,3
541.9,855.1,1224600086,3
537.6,846.2,1224600101,3
535.6,849.9,1224600113,3
487.6,738.2,1224600147,3
506.6,781.4,1224600157,3
469.4,741.4,1224600183,3
465.8,757.5,1224600200,3
467.8,805.2,1224600214,3
525.4,909.0,1224600228,3
538.9,903.5,1224600241,3
522.2,882.3,1224600249,3
525.2,900.8,1224600268,3
521.3,850.7,1224600295,3
533.5,893.3,1224600311,3
539.7,883.9,1224600328,3
535.1,856.0,1224600338,3
569.4,913.0,1224600356,3
572.0,920.1,1224600372,3
561.4,901.3,1224600383,3
542.9,939.2,1224600401,3
535.7,918.0,1224600417,3
553.1,931.4,1224600447,3
543.5,912.2,1224600463,3
571.3,929.6,1224600473,3
564.4,928.1,1224600492,3
557.8,913.9,1224600507,3
560.7,909.7,1224600519,3
559.4,916.0,1224600538,3
557.9,903.4,1224600552,3
550.6,875.1,1224600567,3
537.9,833.5,1224600598,3
535.9,832.2,1224600609,3
524.2,828.7,1224600627,3
521.1,828.6,1224600642,3
516.1,829.2,1224600653,3
471.7,843.1,1224600672,3
470.0,848.0,1224600687,3
466.4,844.1,1224600699,3
512.9,894.3,1224600716,3
496.7,874.7,1224600746,3
485.2,862.2,1224600763,3
510.0,852.7,1224600777,3
521.8,840.4,1224600790,3
551.2,900.3,1224600808,3
553.4,890.8,1224600822,3
550.2,882.5,1224600836,3
556.4,899.8,1224600852,3
550.9,887.1,1224600867,3
558.0,907.2,1224600895,3
553.7,894.0,1224600910,3
555.4,900.5,1224600922,3
560.8,922.9,1224600940,3
557.8,917.9,1224600955,3
549.7,899.8,1224600966,3
502.5,863.2,1224600990,3
470.6,831.2,1224601005,3
464.8,829.3,1224601019,3
469.8,842.7,1224601053,3
476.9,854.1,1224601062,3
520.7,908.1,1224601080,3
518.8,902.1,1224601095,3
521.0,897.1,1224601103,3
561.2,937.9,1224601120,3
557.7,919.5,1224601139,3
549.9,902.2,1224601152,3
501.8,870.1,1224601170,3
476.3,854.3,1224601198,3
485.0,847.5,1224601215,3
485.2,846.0,1224601234,3
484.1,840.5,1224601244,3
481.6,840.7,1224601255,3
487.7,849.1,1224601271,3
479.2,848.1,1224601281,3
511.8,895.9,1224601300,3
519.7,908.3,1224601319,3
531.0,925.2,1224601350,3
530.7,910.9,1224601366,3
538.6,913.3,1224601377,3
557.8,926.4,1224601393,3
551.1,906.4,1224601409,3
546.2,902.1,1224601421,3
541.0,927.4,1224601439,3
534.4,913.8,1224601455,3
527.6,889.1,1224601464,3
514.3,838.8,1224601497,3
505.7,828.1,1224601508,3
515.0,850.5,1224601525,3
517.5,851.6,1224601543,3
536.0,837.6,1224601552,3
560.1,918.9,1224601572,3
560.2,918.2,1224601586,3
548.8,890.1,1224601597,3
577.6,919.4,1224601617,3
530.0,862.3,1224601651,3
484.3,795.9,1224601800,3
555.6,842.4,1224601825,3
579.0,889.4,1224601844,3
566.3,859.3,1224601870,3
572.9,887.1,1224601887,3
589.7,915.2,1224601904,3
504.2,837.4,1224601918,3
551.7,878.1,1224601950,3
540.6,868.3,1224601960,3
548.2,899.3,1224601981,3
512.3,829.8,1224602006,3
576.7,929.1,1224602024,3
551.6,889.1,1224602051,3
551.4,899.5,1224602065,3
549.0,905.2,1224602096,3
548.5,906.9,1224602110,3
563.6,933.9,1224602125,3
540.0,859.7,1224602136,3
564.5,899.8,1224602155,3
547.4,866.9,1224602170,3
551.8,847.2,1224602182,3
558.0,861.3,1224602202,3
559.8,876.3,1224602215,3
560.3,898.5,1224602247,3
540.1,903.2,1224602272,3
529.8,904.8,1224602290,3
580.1,981.7,1224602307,3
578.2,930.0,1224602317,3
576.9,929.8,1224602335,3
559.8,910.1,1224602351,3
551.8,897.5,1224602363,3
481.7,735.2,1224602396,3
486.6,746.2,1224602406,3
491.1,752.7,1224602431,3
514.8,796.4,1224602447,3
528.3,826.9,1224602459,3
540.9,874.4,1224602477,3
552.2,875.8,1224602495,3
552.5,873.8,1224602505,3
542.9,874.1,1224602517,3
545.8,869.5,1224602545,3
555.3,853.2,1224602561,3
554.3,854.9,1224602576,3
553.9,854.4,1224602588,3
590.5,957.2,1224602606,3
579.7,938.6,1224602622,3
570.7,923.4,1224602633,3
566.8,916.5,1224602652,3
582.9,909.5,1224602668,3
580.8,860.4,1224602697,3
541.5,854.4,1224602712,3
538.5,847.9,1224602723,3
550.1,856.5,1224602742,3
558.7,862.1,1224602757,3
542.9,857.4,1224602768,3
538.8,861.1,1224602786,3
533.9,861.7,1224602801,3
528.7,862.1,1224602813,3
515.4,842.1,1224602848,3
523.1,854.1,1224602861,3
578.3,935.6,1224602877,3
566.8,920.4,1224602892,3
553.7,892.1,1224602904,3
555.2,952.8,1224602922,3
553.9,952.8,1224602937,3
545.7,922.5,1224602951,3
536.6,898.6,1224602966,3
535.5,878.5,1224602995,3
530.6,864.7,1224603013,3
522.2,872.4,1224603027,3
524.0,874.9,1224603039,3
522.4,867.3,1224603056,3
527.5,880.6,1224603072,3
532.8,878.2,1224603086,3
563.6,956.2,1224603101,3
558.9,951.2,1224603117,3
564.1,974.9,1224603147,3
559.6,965.4,1224603164,3
551.6,936.2,1224603174,3
473.5,931.6,1224603193,3
473.8,921.2,1224603207,3
498.2,911.0,1224603223,3
540.5,960.2,1224603236,3
538.2,965.5,1224603252,3
544.3,937.3,1224603265,3
563.7,941.0,1224603298,3
539.1,920.8,1224603309,3
505.1,988.6,1224603326,3
510.6,958.0,1224603342,3
512.8,915.4,1224603354,3
563.4,965.6,1224603371,3
563.8,948.2,1224603387,3
560.9,933.2,1224603399,3
577.1,954.5,1224603416,3
564.7,902.0,1224603445,3
545.5,811.6,1224603461,3
546.0,815.6,1224603477,3
1433.8,929.9,1224607513,4
1432.0,934.0,1224607527,4
1431.2,934.6,1224607543,4
1428.1,933.1,1224607560,4
1420.6,930.5,1224607572,4
1421.3,930.0,1224607585,4
1416.0,922.2,1224607602,4
1413.9,906.9,1224607617,4
1405.1,887.4,1224607649,4
1455.0,947.8,1224607662,4
1450.2,931.7,1224607677,4
1489.0,982.7,1224607692,4
1469.4,962.4,1224607709,4
1479.1,973.9,1224607720,4
1462.4,955.0,1224607737,4
1449.5,939.9,1224607753,4
1431.9,941.0,1224607766,4
1420.4,947.9,1224607801,4
1409.6,959.6,1224607810,4
1406.8,966.9,1224607827,4
1409.3,963.9,1224607842,4
1410.0,963.5,1224607855,4
1428.2,941.7,1224607872,4
1428.5,939.3,1224607889,4
1447.1,937.0,1224607902,4
1447.6,936.5,1224607919,4
1444.4,936.8,1224607947,4
1447.8,935.6,1224607963,4
1442.0,941.0,1224607977,4
1438.9,941.8,1224607990,4
1437.6,941.2,1224608008,4
1431.9,938.7,1224608024,4
1429.3,938.8,1224608036,4
1417.4,938.0,1224608052,4
1411.6,932.4,1224608067,4
1412.1,938.0,1224608100,4
1412.4,937.7,1224608112,4
1413.3,938.2,1224608127,4
1421.6,937.8,1224608142,4
1423.5,939.3,1224608159,4
1424.0,940.3,1224608170,4
1423.0,938.0,1224608187,4
1420.5,937.0,1224608202,4
1417.3,934.8,1224608216,4
1412.9,924.2,1224608252,4
1412.5,921.2,1224608261,4
1418.0,922.2,1224608278,4
1418.3,920.6,1224608292,4
1424.4,931.0,1224608306,4
1421.2,928.3,1224608323,4
1422.5,928.8,1224608337,4
1427.4,933.7,1224608350,4
1431.8,938.4,1224608367,4
1436.0,937.5,1224608398,4
1443.4,933.9,1224608412,4
1456.5,932.3,1224608427,4
1456.3,930.9,1224608441,4
1458.6,934.7,1224608458,4
1469.8,957.8,1224608472,4
1441.6,938.7,1224608484,4
1432.0,936.1,1224608504,4
1429.5,927.5,1224608518,4
1473.6,987.4,1224608547,4
1488.7,1005.3,1224608559,4
1446.3,949.9,1224608571,4
1495.2,994.0,1224608589,4
1497.7,985.4,1224608604,4
1485.9,982.9,1224608615,4
1485.8,976.8,1224608640,4
1471.2,969.5,1224608655,4
1468.1,964.5,1224608664,4
1429.8,937.2,1224608704,4
1428.2,932.8,1224608716,4
1429.2,932.7,1224608727,4
1424.2,921.6,1224608741,4
1420.7,915.9,1224608754,4
1420.5,915.7,1224608774,4
1421.6,923.5,1224608789,4
1423.2,927.5,1224608799,4
1422.4,926.8,1224608817,4
1424.2,931.2,1224608846,4
1426.3,935.6,1224608864,4
1428.6,934.5,1224608877,4
1431.4,931.0,1224608887,4
1433.5,929.2,1224608906,4
1432.8,928.3,1224608921,4
1424.3,922.9,1224608933,4
1412.6,889.7,1224608952,4
1411.3,885.0,1224608966,4
1450.7,933.7,1224609008,4
1445.9,927.1,1224609017,4
1436.8,891.8,1224609025,4
1442.5,889.0,1224609042,4
1436.4,873.2,1224609058,4
1435.1,873.1,1224609069,4
1429.3,866.2,1224609087,4
1433.9,868.5,1224609107,4
1439.4,867.9,1224609113,4
1435.9,871.9,1224609147,4
1443.0,869.2,1224609156,4
1449.6,865.4,1224609180,4
1449.6,864.7,1224609196,4
1447.1,861.8,1224609203,4
1444.0,858.1,1224609220,4
1444.7,858.8,1224609235,4
1446.5,868.9,1224609247,4
1479.1,909.9,1224609265,4
1467.4,888.6,1224609294,4
1493.1,921.9,1224609310,4
1492.6,915.6,1224609332,4
1476.5,889.0,1224609345,4
1518.1,928.0,1224609355,4
1519.1,928.5,1224609370,4
1510.9,918.0,1224609382,4
1484.1,883.9,1224609401,4
1468.3,872.1,1224609416,4
1448.9,864.9,1224609450,4
1438.6,859.4,1224609460,4
1438.1,861.3,1224609472,4
1441.3,859.7,1224609491,4
1442.0,860.5,1224609506,4
1446.3,860.9,1224609520,4
1448.3,859.7,1224609538,4
1449.0,859.6,1224609551,4
1450.7,859.6,1224609562,4
1454.2,860.0,1224609597,4
1452.6,860.1,1224609608,4
1447.2,855.5,1224609633,4
1440.4,852.6,1224609648,4
1441.5,854.5,1224609660,4
1434.2,855.8,1224609678,4
1443.7,864.1,1224609693,4
1441.0,860.2,1224609705,4
1437.6,853.1,1224609716,4
1439.9,868.9,1224609744,4
1473.8,914.6,1224609760,4
1457.3,894.5,1224609783,4
1447.5,881.5,1224609797,4
1450.7,888.6,1224609808,4
1447.9,884.8,1224609821,4
1443.9,880.4,1224609834,4
1442.2,877.4,1224609851,4
1441.8,878.4,1224609868,4
1440.2,879.9,1224609897,4
1441.1,880.0,1224609911,4
1441.1,867.1,1224609922,4
1432.7,844.0,1224609942,4
1431.5,842.5,1224609956,4
1426.3,845.5,1224609969,4
1423.9,850.2,1224609988,4
1424.6,852.4,1224610003,4
1425.5,857.1,1224610012,4
1426.5,865.0,1224610047,4
1442.1,870.9,1224610059,4
1457.2,877.3,1224610076,4
1476.2,892.5,1224610091,4
1461.5,873.1,1224610102,4
1507.3,919.1,1224610121,4
1501.3,914.4,1224610136,4
1490.7,903.5,1224610148,4
1474.8,887.5,1224610166,4
1445.1,868.7,1224610196,4
1443.7,869.9,1224610211,4
1451.3,875.0,1224610226,4
1456.2,870.6,1224610237,4
1528.1,943.0,1224610257,4
1515.3,930.4,1224610272,4
1510.7,924.9,1224610284,4
1526.2,932.3,1224610301,4
1517.8,925.2,1224610318,4
1498.2,907.4,1224610347,4
1462.0,879.6,1224610361,4
1457.9,877.9,1224610372,4
1473.8,893.5,1224610393,4
1477.9,896.2,1224610406,4
1461.3,874.7,1224610417,4
1506.9,915.2,1224610436,4
1509.8,918.2,1224610452,4
1458.2,846.8,1224610462,4
1439.6,825.7,1224610497,4
1442.9,837.3,1224610509,4
1434.6,874.2,1224610529,4
1433.5,897.8,1224610542,4
1434.1,899.4,1224610552,4
1427.2,903.5,1224610571,4
1429.4,902.9,1224610586,4
1427.3,905.2,1224610598,4
1489.6,940.5,1224610616,4
1451.7,923.9,1224610645,4
1439.7,908.2,1224610662,4
1438.4,885.3,1224610676,4
1439.8,881.2,1224610687,4
1443.9,885.3,1224610706,4
1463.7,890.4,1224610721,4
1439.5,867.5,1224610734,4
1479.9,897.4,1224610751,4
1491.9,908.8,1224610768,4
1465.9,894.8,1224610817,4
1454.2,880.0,1224610827,4
1505.8,904.5,1224610842,4
1495.3,896.8,1224610857,4
1435.3,842.9,1224610870,4
1462.0,870.5,1224610888,4
1451.3,858.7,1224610902,4
1442.6,847.9,1224610918,4
1461.1,872.6,1224611012,4
1547.5,963.2,1224611028,4
1511.3,929.6,1224611037,4
1514.1,930.9,1224611051,4
1453.7,874.5,1224611067,4
1436.9,856.7,1224611095,4
1448.7,866.8,1224611111,4
1464.0,879.8,1224611128,4
1438.7,857.4,1224611140,4
1510.9,930.3,1224611156,4
1510.1,930.3,1224611171,4
1500.3,921.1,1224611186,4
1456.6,883.9,1224611202,4
1441.8,870.5,1224611219,4
1436.5,864.7,1224611249,4
1445.4,867.4,1224611264,4
1451.2,869.7,1224611274,4
1451.4,872.6,1224611292,4
1453.0,873.6,1224611307,4
1445.9,881.6,1224611322,4
1441.8,886.1,1224611336,4
1446.0,889.9,1224611353,4
1447.9,882.4,1224611366,4
1464.4,877.3,1224611403,4
1461.0,870.9,1224611410,4
1474.6,886.2,1224611427,4
1475.1,886.0,1224611442,4
1468.4,877.6,1224611454,4
1527.1,933.3,1224611473,4
1522.3,929.3,1224611488,4
1490.7,903.4,1224611499,4
1509.7,920.9,1224611516,4
1483.5,900.5,1224611545,4
1434.1,874.1,1224611562,4
1409.1,845.3,1224611575,4
1418.2,850.8,1224611589,4
1455.1,879.6,1224611608,4
1470.3,885.4,1224611622,4
1487.7,895.3,1224611633,4
1499.5,905.8,1224611650,4
1485.4,894.2,1224611670,4
1497.3,919.7,1224611704,4
1529.4,955.5,1224611716,4
1522.4,950.5,1224611730,4
1504.7,926.4,1224611747,4
1464.3,884.1,1224611757,4
1462.8,879.9,1224611769,4
1510.1,921.1,1224611787,4
1507.0,915.0,1224611801,4
1463.1,876.2,1224611815,4
1461.2,892.5,1224611848,4
1457.9,890.6,1224611858,4
1474.7,931.2,1224611877,4
1473.7,931.1,1224611891,4
1451.3,902.7,1224611906,4
1491.7,972.0,1224611925,4
1482.8,949.1,1224611936,4
1475.5,936.2,1224611947,4
1501.4,957.6,1224611965,4
1461.7,897.5,1224611995,4
1489.2,925.7,1224612010,4
1495.1,931.7,1224612025,4
1474.1,903.8,1224612038,4
1511.6,944.7,1224612055,4
1503.0,937.5,1224612070,4
1496.5,930.5,1224612089,4
1511.0,970.6,1224612107,4
1503.2,959.4,1224612126,4
1504.2,960.1,1224612151,4
1489.9,946.4,1224612164,4
1480.4,939.2,1224612175,4
1493.5,959.6,1224612194,4
1480.2,944.1,1224612207,4
1472.7,933.8,1224612220,4
1486.5,953.7,1224612240,4
1479.8,940.0,1224612254,4
1453.1,912.7,1224612266,4
1424.9,884.8,1224612301,4
1429.7,881.0,1224612311,4
1439.8,899.0,1224612327,4
1442.8,904.5,1224612343,4
1436.5,887.1,1224612356,4
1480.1,954.0,1224612372,4
1480.3,954.5,1224612387,4
1466.1,933.4,1224612400,4
1481.2,953.3,1224612417,4
1452.4,933.3,1224612444,4
1488.6,978.8,1224612460,4
1485.3,975.0,1224612481,4
1459.2,943.6,1224612493,4
1486.5,981.1,1224612511,4
1475.4,944.6,1224612526,4
1482.8,960.2,1224612535,4
1498.4,964.8,1224612553,4
1495.7,953.7,1224612565,4
1520.8,942.8,1224612601,4
1514.5,932.5,1224612617,4
1518.4,929.1,1224612629,4
1541.8,946.6,1224612646,4
1529.7,935.8,1224612655,4
1512.4,925.4,1224612666,4
1521.0,965.1,1224612685,4
1512.1,953.7,1224612700,4
1498.4,929.2,1224612712,4
1480.2,892.8,1224612752,4
1476.5,888.1,1224612764,4
1498.8,912.5,1224612781,4
1505.5,920.4,1224612798,4
1464.3,875.9,1224612809,4
1478.3,890.0,1224612826,4
1481.5,889.3,1224612836,4
1492.3,888.1,1224612847,4
1513.8,906.3,1224612867,4
1493.7,902.2,1224612895,4
1511.2,925.8,1224612910,4
1544.7,912.7,1224612925,4
1539.8,906.7,1224612940,4
1536.8,900.6,1224612970,4
1561.7,860.5,1224612984,4
1581.4,828.8,1224613000,4
1588.1,839.6,1224613016,4
1596.4,877.6,1224613046,4
1612.9,967.7,1224613061,4
1581.7,979.0,1224613074,4
1575.8,989.2,1224613091,4
1554.1,983.6,1224613106,4
1566.6,990.3,1224613117,4
1533.6,959.6,1224613135,4
1511.9,938.6,1224613151,4
1501.5,913.2,1224613162,4
1470.7,861.2,1224613204,4
1471.8,862.6,1224613218,4
1488.7,879.2,1224613234,4
1508.5,904.1,1224613247,4
1529.1,925.9,1224613254,4
1501.5,913.8,1224613276,4
1491.1,907.1,1224613287,4
1508.9,924.5,1224613300,4
1481.7,903.2,1224613318,4
1476.7,899.3,1224613346,4
1464.6,898.3,1224613363,4
1461.7,898.3,1224613378,4
1472.5,914.7,1224613391,4
1459.7,911.5,1224613407,4
1452.9,904.0,1224613421,4
1482.2,915.2,1224613434,4
1463.9,898.4,1224613452,4
1452.7,894.2,1224613467,4
1428.5,888.4,1224613498,4
1423.4,889.4,1224613512,4
1448.4,907.2,1224613526,4
1503.5,962.5,1224613543,4
1521.9,977.9,1224613557,4
1508.6,963.4,1224613572,4
1467.8,927.7,1224613587,4
1470.4,923.3,1224613603,4
1468.5,910.7,1224613615,4
1461.7,877.4,1224613652,4
1464.8,875.7,1224613663,4
1467.1,877.6,1224613681,4
1497.7,889.2,1224613696,4
1473.8,872.6,1224613704,4
1474.4,875.6,1224613723,4
1458.1,868.5,1224613736,4
1452.5,865.7,1224613749,4
1456.5,870.1,1224613766,4
1450.9,867.8,1224613797,4
1463.2,862.5,1224613812,4
1464.1,859.9,1224613827,4
1461.0,855.1,1224613839,4
1465.1,859.8,1224613856,4
1470.6,871.0,1224613871,4
1468.2,859.4,1224613883,4
1465.2,855.2,1224613901,4
1467.4,853.1,1224613916,4
1548.7,905.3,1224613948,4
1580.3,926.2,1224613961,4
1528.0,894.3,1224613976,4
1544.9,905.4,1224613992,4
1500.4,879.4,1224614007,4
1485.2,882.3,1224614019,4
1461.6,871.6,1224614038,4
1461.8,872.2,1224614051,4
1460.7,863.3,1224614065,4
1466.5,858.4,1224614099,4
1468.8,857.0,1224614109,4
1452.0,833.1,1224614126,4
1458.2,839.6,1224614145,4
1462.9,848.3,1224614154,4
1514.7,904.1,1224614171,4
1484.7,877.1,1224614186,4
1488.7,884.0,1224614199,4
1505.3,908.1,1224614216,4
1492.1,896.0,1224614245,4
1498.7,904.4,1224614262,4
1502.2,899.5,1224614278,4
1498.3,891.9,1224614291,4
1546.7,915.6,1224614306,4
1536.6,905.0,1224614321,4
1531.3,899.2,1224614335,4
1521.7,881.0,1224614351,4
1487.7,850.1,1224614368,4
1534.3,912.7,1224614398,4
1550.4,933.3,1224614411,4
1527.7,903.1,1224614423,4
1482.3,838.2,1224614442,4
1499.2,850.8,1224614456,4
1486.4,838.2,1224614471,4
1534.1,873.9,1224614486,4
1520.8,867.9,1224614503,4
1533.1,876.3,1224614515,4
1508.1,848.3,1224614548,4
1472.6,833.5,1224614559,4
1479.7,855.1,1224614577,4
1479.5,852.3,1224614591,4
1488.9,839.8,1224614603,4
1487.4,859.3,1224614621,4
1496.6,865.5,1224614636,4
1496.4,864.9,1224614649,4
1502.2,854.0,1224614666,4
1584.4,945.6,1224614695,4
1577.2,942.0,1224614711,4
1575.3,940.5,1224614726,4
1583.3,949.0,1224614739,4
1506.2,894.9,1224614756,4
1489.2,882.5,1224614773,4
1484.6,876.0,1224614782,4
1507.8,902.5,1224614799,4
1504.3,897.8,1224614813,4
1547.0,921.9,1224614845,4
1515.8,901.4,1224614859,4
1502.8,895.3,1224614870,4
1524.4,938.7,1224614888,4
1510.5,920.6,1224614910,4
1504.5,907.5,1224614923,4
1532.5,931.8,1224614939,4
1522.6,922.1,1224614957,4
1504.4,906.5,1224614964,4
1471.3,876.9,1224614996,4
1465.1,873.3,1224615007,4
1471.7,893.4,1224615030,4
1467.3,888.0,1224615045,4
1467.5,884.9,1224615057,4
1459.9,870.1,1224615074,4
1461.5,876.2,1224615088,4
1460.7,876.5,1224615103,4
1448.3,856.5,1224615115,4
1444.6,853.2,1224615144,4
1365.9,770.1,1224615159,4
1405.1,808.1,1224615175,4
1392.1,796.1,1224615186,4
1489.3,904.9,1224615205,4
1465.1,876.0,1224615220,4
1476.8,890.8,1224615233,4
1493.5,909.9,1224615250,4
1504.2,922.5,1224615264,4
1488.3,902.8,1224615297,4
1466.2,876.2,1224615310,4
1440.1,860.4,1224615321,4
1479.5,904.2,1224615340,4
1463.7,899.1,1224615355,4
1436.7,858.8,1224615369,4
1428.1,864.9,1224615385,4
1426.7,863.1,1224615399,4
1427.9,863.7,1224615417,4
1438.0,869.1,1224615448,4
1440.5,869.7,1224615458,4
1441.5,869.8,1224615475,4
1441.3,869.3,1224615490,4
1448.6,864.4,1224615503,4
1452.3,861.7,1224615521,4
1450.0,870.1,1224615535,4
1436.6,874.3,1224615549,4
1438.9,871.3,1224615566,4
1433.2,862.1,1224615594,4
1429.0,857.0,1224615611,4
1422.3,849.3,1224615625,4
1425.6,849.0,1224615639,4
1431.3,849.0,1224615655,4
1436.2,852.9,1224615670,4
1441.1,859.6,1224615682,4
1443.1,853.1,1224615700,4
1447.0,853.9,1224615715,4
1460.6,886.3,1224615747,4
1455.1,884.4,1224615761,4
1449.6,877.1,1224615773,4
1471.6,892.7,1224615791,4
1468.2,888.7,1224615807,4
1454.3,869.8,1224615818,4
1499.6,894.3,1224615836,4
1506.7,896.9,1224615852,4
1493.7,886.1,1224615865,4
1452.8,857.8,1224615896,4
1443.6,855.8,1224615908,4
1456.1,868.2,1224615925,4
1460.5,873.0,1224615941,4
1441.5,861.8,1224615952,4
1500.9,923.6,1224615972,4
1486.7,912.0,1224615998,4
1471.3,899.6,1224616007,4
1452.3,885.5,1224616019,4
1445.4,865.5,1224616048,4
1461.0,875.1,1224616060,4
1465.0,876.4,1224616076,4
1454.3,865.0,1224616087,4
1459.9,864.3,1224616105,4
1444.8,873.1,1224616121,4
1439.6,874.2,1224616131,4
1428.4,854.3,1224616148,4
1440.2,866.7,1224616171,4
1440.4,862.5,1224616198,4
1445.9,853.9,1224616210,4
1442.0,844.8,1224616224,4
1439.0,840.5,1224616240,4
1451.9,856.6,1224616255,4
1424.7,840.8,1224616267,4
1463.9,892.5,1224616285,4
1461.6,896.6,1224616304,4
1453.2,889.1,1224616316,4
1431.9,858.9,1224616346,4
1433.2,853.8,1224616358,4
1444.9,855.0,1224616390,4
1451.1,855.7,1224616401,4
1455.7,859.4,1224616443,4
1457.5,859.4,1224616455,4
1451.6,862.6,1224616497,4
1439.3,869.0,1224616512,4
1459.4,891.9,1224616524,4
1442.5,856.5,1224616536,4
1454.8,875.1,1224616558,4
1457.9,876.6,1224616574,4
1451.2,865.8,1224616585,4
1497.3,893.0,1224616603,4
1481.7,880.8,1224616617,4
1493.3,885.7,1224616649,4
1476.4,870.5,1224616664,4
1414.2,861.7,1224616677,4
1444.4,854.8,1224616692,4
1438.0,851.2,1224616709,4
1447.6,839.2,1224616720,4
1445.2,838.2,1224616739,4
1435.4,843.7,1224616752,4
1426.8,848.4,1224616766,4
1455.5,839.0,1224616797,4
1452.8,839.0,1224616808,4
1449.3,835.9,1224616825,4
1451.2,836.6,1224616840,4
1451.5,837.1,1224616851,4
1475.2,827.6,1224616869,4
1476.3,835.0,1224616885,4
1473.5,833.7,1224616896,4
1511.3,878.0,1224616916,4
1494.8,855.7,1224616944,4
1518.2,886.5,1224616959,4
1510.0,884.5,1224616976,4
1487.9,860.1,1224616987,4
1471.6,841.5,1224617007,4
1470.2,838.2,1224617019,4
1465.4,839.5,1224617032,4
1456.2,837.0,1224617051,4
1448.8,843.2,1224617066,4
1458.7,839.0,1224617096,4
1523.1,902.7,1224617110,4
1445.1,847.1,1224617122,4
1488.5,874.4,1224617140,4
1458.0,848.8,1224617156,4
1455.2,845.9,1224617166,4
1432.3,830.5,1224617192,4
1441.5,831.2,1224617206,4
1446.6,825.8,1224617214,4
1452.4,830.6,1224617246,4
1447.2,825.7,1224617258,4
1439.3,821.1,1224617275,4
1438.8,825.8,1224617290,4
1439.4,844.2,1224617304,4
1506.0,925.8,1224617320,4
1490.5,909.8,1224617335,4
1480.0,897.1,1224617347,4
1490.1,909.3,1224617365,4
1483.0,898.1,1224617394,4
1489.2,905.5,1224617410,4
1487.2,902.3,1224617425,4
1478.3,892.2,1224617437,4
1503.2,928.4,1224617455,4
1501.8,929.8,1224617472,4
1491.0,916.9,1224617481,4
1515.3,931.8,1224617501,4
1504.9,920.9,1224617518,4
1487.6,901.4,1224617546,4
1450.6,884.6,1224617560,4
1430.0,876.2,1224617572,4
1447.1,888.8,1224617590,4
1464.7,898.8,1224617605,4
1422.6,840.6,1224617617,4
1460.5,879.5,1224617637,4
1476.7,893.4,1224617652,4
1468.4,880.6,1224617662,4
1438.5,843.0,1224617696,4
1434.4,839.3,1224617708,4
1465.8,870.6,1224617725,4
1477.8,883.3,1224617740,4
1445.6,850.2,1224617752,4
1499.5,913.0,1224617770,4
1492.8,906.4,1224617787,4
1474.9,888.0,1224617797,4
1495.0,913.5,1224617817,4
1460.5,878.6,1224617844,4
1487.2,860.5,1224617860,4
1477.6,857.3,1224617875,4
1462.9,862.8,1224617887,4
1554.0,898.2,1224618044,4
1583.2,947.5,1224618057,4
1567.5,935.4,1224618067,4
1558.0,932.9,1224618085,4
1546.2,929.0,1224618100,4
1549.1,930.1,1224618112,4
1549.8,905.6,1224618146,4
1561.0,814.2,1224618158,4
1562.3,811.2,1224618175,4
1545.0,799.0,1224618192,4
1524.4,805.8,1224618201,4
1536.5,895.0,1224618220,4
1527.1,890.8,1224618235,4
1509.9,871.2,1224618246,4
1522.9,896.9,1224618266,4
1485.9,850.0,1224618294,4
1507.0,891.3,1224618310,4
1505.1,884.4,1224618325,4
1480.0,862.4,1224618337,4
1528.2,924.7,1224618355,4
1493.8,895.2,1224618370,4
1505.3,901.6,1224618381,4
1533.4,910.1,1224618402,4
1519.9,895.2,1224618415,4
1522.0,893.4,1224618446,4
1506.5,875.2,1224618460,4
1502.6,875.4,1224618473,4
1540.8,907.6,1224618490,4
1525.4,894.5,1224618505,4
1512.5,887.2,1224618517,4
1530.4,915.6,1224618537,4
1520.5,904.3,1224618550,4
1500.1,886.6,1224618562,4
1459.9,851.2,1224618596,4
1459.6,841.4,1224618610,4
1474.0,854.3,1224618625,4
1476.2,855.7,1224618640,4
1467.5,842.1,1224618658,4
1530.0,902.5,1224618676,4
1519.4,891.1,1224618694,4
1473.0,829.0,1224618705,4
1502.2,866.6,1224618716,4
1486.8,841.6,1224618745,4
1524.4,891.4,1224618761,4
1518.0,880.0,1224618778,4
1499.4,857.4,1224618788,4
1490.0,844.2,1224618808,4
1482.0,844.7,1224618821,4
1484.4,846.6,1224618834,4
1489.5,854.1,1224618852,4
1490.4,855.2,1224618868,4
1577.5,961.1,1224618898,4
1566.2,949.1,1224618911,4
1551.7,930.4,1224618924,4
1546.0,940.3,1224618942,4
1535.6,926.7,1224618957,4
1529.8,917.2,1224618971,4
1524.1,923.4,1224618984,4
1512.7,901.6,1224618999,4
1507.4,882.1,1224619012,4
1495.4,830.1,1224619045,4
1466.3,827.1,1224619056,4
1460.5,830.9,1224619074,4
1467.9,841.3,1224619089,4
1463.2,833.3,1224619101,4
1538.0,931.0,1224619119,4
1529.2,921.4,1224619134,4
1513.9,904.4,1224619147,4
1532.6,938.2,1224619164,4
1485.1,884.8,1224619193,4
1514.7,922.9,1224619209,4
1514.8,914.3,1224619230,4
1486.4,879.9,1224619243,4
1525.7,935.5,1224619260,4
1506.0,916.3,1224619275,4
1501.6,912.0,1224619284,4
1497.9,909.4,1224619300,4
1491.4,898.3,1224619315,4
1490.5,897.1,1224619346,4
1482.2,882.1,1224619362,4
1485.3,868.5,1224619372,4
1516.8,897.9,1224619390,4
1519.4,898.1,1224619413,4
1503.0,880.3,1224619426,4
1530.8,912.3,1224619441,4
1520.7,903.0,1224619454,4
1510.2,886.0,1224619468,4
1471.7,842.8,1224619496,4
1454.1,837.1,1224619505,4
1459.8,850.2,1224619523,4
1470.9,870.7,1224619538,4
1456.5,838.6,1224619551,4
1509.9,929.1,1224619568,4
1495.8,903.6,1224619586,4
1484.9,891.7,1224619599,4
1529.9,934.3,1224619618,4
1489.6,890.2,1224619645,4
1512.6,910.6,1224619658,4
1507.6,905.3,1224619679,4
1477.5,880.0,1224619690,4
1443.7,861.7,1224619724,4
1433.1,849.2,1224619738,4
1441.3,822.0,1224619769,4
1450.7,819.5,1224619814,4
1459.9,820.2,1224619823,4
1467.9,823.8,1224619840,4
1460.4,826.1,1224619857,4
1453.2,826.0,1224619866,4
1502.3,879.0,1224619885,4
1496.7,877.7,1224619900,4
1472.9,866.6,1224619913,4
1463.4,856.3,1224619946,4
1462.8,852.2,1224619957,4
1486.7,878.1,1224619975,4
1484.4,884.1,1224620003,4
1542.1,936.1,1224620020,4
1540.3,933.5,1224620035,4
1505.8,893.7,1224620047,4
1463.4,851.8,1224620094,4
1480.4,886.4,1224620110,4
1469.4,892.3,1224620126,4
1435.2,886.8,1224620136,4
1463.8,913.1,1224620155,4
1484.8,936.4,1224620170,4
1446.8,914.2,1224620182,4
1462.3,936.9,1224620203,4
1452.1,922.7,1224620215,4
1458.5,919.6,1224620246,4
1447.1,911.8,1224620261,4
1442.1,899.1,1224620272,4
1448.4,893.1,1224620290,4
1441.5,889.7,1224620305,4
1425.1,883.1,1224620317,4
1437.0,892.5,1224620337,4
1448.2,900.8,1224620350,4
1422.3,897.1,1224620362,4
1429.9,914.5,1224620396,4
1425.9,913.7,1224620409,4
1440.2,922.3,1224620425,4
1470.7,934.5,1224620442,4
1471.5,935.0,1224620452,4
1504.8,949.0,1224620471,4
1491.6,944.7,1224620485,4
1476.8,936.6,1224620497,4
1505.0,939.4,1224620517,4
1495.6,935.6,1224620545,4
1497.0,935.4,1224620560,4
1490.3,931.0,1224620575,4
1467.7,921.2,1224620586,4
1506.9,945.6,1224620606,4
1505.7,943.4,1224620620,4
1468.0,926.8,1224620631,4
1499.6,946.8,1224620650,4
1518.9,956.9,1224620672,4
1518.8,956.8,1224620698,4
1498.5,938.9,1224620711,4
1479.7,920.9,1224620722,4
1485.0,918.0,1224620741,4
1500.9,909.3,1224620756,4
1471.0,879.4,1224620767,4
1496.4,902.7,1224620785,4
1476.3,896.0,1224620802,4
1496.4,908.4,1224620812,4
1517.6,916.0,1224620846,4
1493.2,903.3,1224620859,4
1493.5,908.2,1224620876,4
1493.5,874.3,1224620891,4
1489.9,877.0,1224620904,4
1500.2,892.1,1224620920,4
1470.4,879.9,1224620937,4
1462.0,877.3,1224620947,4
1509.8,919.0,1224620965,4
1467.5,881.1,1224620995,4
1490.8,906.3,1224621013,4
1478.9,898.8,1224621026,4
1458.2,874.4,1224621040,4
1483.3,912.3,1224621056,4
1483.6,906.7,1224621071,4
1481.0,898.2,1224621083,4
1464.1,865.6,1224621116,4
1455.0,858.6,1224621162,4
1457.0,856.3,1224621171,4
1437.0,867.7,1224621213,4
1449.7,865.6,1224621226,4
1451.7,869.6,1224621237,4
1464.5,884.4,1224621251,4
1449.0,874.1,1224621262,4
1489.6,937.5,1224621298,4
1485.7,927.5,1224621306,4
1480.8,928.2,1224621325,4
1460.5,877.6,1224621341,4
1444.4,841.0,1224621352,4
1465.1,880.3,1224621372,4
1464.6,878.0,1224621386,4
1463.5,871.6,1224621399,4
1486.1,904.2,1224621415,4
1492.3,912.2,1224621444,4
1441.2,919.6,1224621461,4
1436.2,911.0,1224621476,4
1442.5,879.8,1224621488,4
1434.8,908.9,1224621507,4
1441.6,902.7,1224621521,4
1444.2,893.2,1224621532,4
1465.3,910.6,1224621550,4
1465.1,916.6,1224621566,4
1468.8,904.9,1224621597,4
1466.9,861.3,1224621622,4
1466.4,841.9,1224621640,4
1469.8,845.1,1224621656,4
1472.9,845.3,1224621667,4
1521.3,920.8,1224621687,4
1515.3,918.6,1224621701,4
1512.4,917.4,1224621716,4
1471.6,864.9,1224621747,4
1463.0,859.1,1224621759,4
1477.4,874.3,1224621776,4
1491.4,891.1,1224621791,4
1454.1,874.4,1224621803,4
1457.3,899.9,1224621821,4
1432.0,874.0,1224621837,4
1434.1,875.7,1224621847,4
1447.7,896.9,1224621865,4
1447.1,886.2,1224621910,4
1447.9,882.6,1224621926,4
1442.3,833.7,1224621938,4
1450.0,833.7,1224621956,4
1470.2,854.2,1224621972,4
1456.9,831.8,1224621982,4
1495.2,878.3,1224622000,4
1496.6,886.8,1224622015,4
1505.4,903.3,1224622046,4
1497.3,888.9,1224622063,4
1494.4,862.0,1224622073,4
1520.1,903.8,1224622091,4
1503.1,880.7,1224622106,4
1489.3,866.8,1224622117,4
1492.5,919.8,1224622136,4
1477.3,908.0,1224622151,4
1467.8,887.5,1224622165,4
1443.4,863.0,1224622198,4
1442.6,850.6,1224622208,4
1449.4,859.3,1224622225,4
1458.3,868.4,1224622240,4
1472.3,829.4,1224622252,4
1506.9,906.8,1224622273,4
1499.8,893.3,1224622286,4
1489.2,876.7,1224622297,4
1509.7,910.6,1224622316,4
1472.5,856.9,1224622346,4
1439.9,810.1,1224622361,4
1422.5,786.1,1224622378,4
1427.2,802.5,1224622387,4
1426.6,806.5,1224622408,4
1421.9,798.3,1224622422,4
1426.6,815.2,1224622433,4
1464.2,863.2,1224622451,4
1473.7,868.6,1224622466,4
1480.2,878.0,1224622496,4
1492.0,887.6,1224622511,4
1508.7,912.6,1224622522,4
1514.3,942.2,1224622542,4
1477.4,893.4,1224622556,4
1454.6,860.0,1224622568,4
1450.5,879.6,1224622586,4
1442.4,871.3,1224622601,4
1465.4,862.8,1224622614,4
1462.4,862.5,1224622646,4
1450.2,861.4,1224622658,4
1437.1,863.0,1224622684,4
1453.2,857.5,1224622699,4
1458.7,853.1,1224622703,4
1439.4,826.1,1224622721,4
1446.4,836.3,1224622737,4
1439.1,824.3,1224622747,4
1495.3,887.0,1224622765,4
1467.3,857.3,1224622794,4
1449.9,837.6,1224622814,4
1449.9,830.4,1224622824,4
1466.2,841.9,1224622836,4
1476.5,837.3,1224622856,4
1477.8,836.2,1224622871,4
1469.5,838.2,1224622882,4
1467.9,839.1,1224622901,4
1471.3,833.6,1224622918,4
1471.4,837.3,1224622948,4
1537.7,920.2,1224622961,4
1502.7,878.8,1224622972,4
1539.9,924.7,1224622990,4
1521.3,909.0,1224623006,4
1508.3,901.8,1224623020,4
1478.6,889.4,1224623036,4
1442.9,860.9,1224623051,4
1449.8,858.7,1224623064,4
1457.2,863.4,1224623096,4
1464.9,862.8,1224623108,4
1476.3,859.2,1224623127,4
1501.2,877.0,1224623197,4
1544.6,902.7,1224623214,4
1538.5,873.1,1224623244,4
1510.7,867.5,1224623260,4
1496.5,880.2,1224623275,4
1514.0,887.2,1224623289,4
1516.3,893.7,1224623305,4
1557.7,920.9,1224623321,4
1556.4,927.9,1224623331,4
1554.3,932.5,1224623350,4
1558.8,945.3,1224623375,4
1561.8,950.8,1224623400,4
1561.4,950.1,1224623410,4
1499.3,912.8,1224623420,4
1527.7,919.7,1224623438,4
1533.7,922.2,1224623455,4
1543.1,921.3,1224623468,4
1544.9,921.2,1224623486,4
